Crate = 0-17
Card = 0-7 within the crate
Tower = 0-31 covers 4 x 8 covered by the card
EMAddr(0:8) = EMFGBit(0:0)+CompressedEMET(1:8)
HDAddr(0:8) = HDFGBit(0:0)+CompressedHDET(1:8) - note: HDFGBit(0:0) is not part of the hardware LUT address
LutOut(0:17)= LinearEMET(0:6)+HoEFGVetoBit(7:7)+LinearJetET(8:16)+ActivityBit(17:17)
Event	Crate	Card	Tower	EMAddr	HDAddr	LUTOut
0	0	0	0	0	0	0
0	0	0	1	0	0	0
0	0	0	2	0	0	0
0	0	0	3	0	0	0
0	0	0	4	0	0	0
0	0	0	5	0	0	0
0	0	0	6	0	0	0
0	0	0	7	0	0	0
0	0	0	8	0	0	0
0	0	0	9	0	0	0
0	0	0	a	0	0	0
0	0	0	b	2e	0	2e
0	0	0	c	0	0	0
0	0	0	d	0	0	0
0	0	0	e	0	0	0
0	0	0	f	0	0	0
0	0	0	10	0	0	0
0	0	0	11	0	0	0
0	0	0	12	0	0	0
0	0	0	13	0	0	0
0	0	0	14	0	0	0
0	0	0	15	0	0	0
0	0	0	16	0	0	0
0	0	0	17	0	0	0
0	0	0	18	0	0	0
0	0	0	19	0	0	0
0	0	0	1a	0	0	0
0	0	0	1b	0	0	0
0	0	0	1c	0	0	0
0	0	0	1d	0	0	0
0	0	0	1e	0	0	0
0	0	0	1f	0	0	0
0	0	1	0	0	0	0
0	0	1	1	0	0	0
0	0	1	2	0	0	0
0	0	1	3	0	0	0
0	0	1	4	0	0	0
0	0	1	5	0	0	0
0	0	1	6	0	0	0
0	0	1	7	0	0	0
0	0	1	8	0	0	0
0	0	1	9	0	0	0
0	0	1	a	0	0	0
0	0	1	b	3f	0	3f
0	0	1	c	0	0	0
0	0	1	d	0	0	0
0	0	1	e	0	0	0
0	0	1	f	0	0	0
0	0	1	10	0	0	0
0	0	1	11	0	0	0
0	0	1	12	0	0	0
0	0	1	13	0	0	0
0	0	1	14	0	0	0
0	0	1	15	0	0	0
0	0	1	16	0	0	0
0	0	1	17	0	0	0
0	0	1	18	0	0	0
0	0	1	19	0	0	0
0	0	1	1a	0	0	0
0	0	1	1b	0	0	0
0	0	1	1c	0	0	0
0	0	1	1d	0	0	0
0	0	1	1e	0	0	0
0	0	1	1f	0	0	0
0	0	2	0	0	0	0
0	0	2	1	0	0	0
0	0	2	2	0	0	0
0	0	2	3	0	0	0
0	0	2	4	0	0	0
0	0	2	5	0	0	0
0	0	2	6	0	0	0
0	0	2	7	0	0	0
0	0	2	8	0	0	0
0	0	2	9	0	0	0
0	0	2	a	0	0	0
0	0	2	b	b	0	b
0	0	2	c	0	0	0
0	0	2	d	0	0	0
0	0	2	e	0	0	0
0	0	2	f	0	0	0
0	0	2	10	0	0	0
0	0	2	11	0	0	0
0	0	2	12	0	0	0
0	0	2	13	0	0	0
0	0	2	14	0	0	0
0	0	2	15	0	0	0
0	0	2	16	0	0	0
0	0	2	17	0	0	0
0	0	2	18	0	0	0
0	0	2	19	0	0	0
0	0	2	1a	0	0	0
0	0	2	1b	0	0	0
0	0	2	1c	0	0	0
0	0	2	1d	0	0	0
0	0	2	1e	0	0	0
0	0	2	1f	0	0	0
0	0	3	0	0	0	0
0	0	3	1	0	0	0
0	0	3	2	0	0	0
0	0	3	3	0	0	0
0	0	3	4	0	0	0
0	0	3	5	0	0	0
0	0	3	6	0	0	0
0	0	3	7	0	0	0
0	0	3	8	0	0	0
0	0	3	9	0	0	0
0	0	3	a	0	0	0
0	0	3	b	1e	0	1e
0	0	3	c	0	0	0
0	0	3	d	0	0	0
0	0	3	e	0	0	0
0	0	3	f	0	0	0
0	0	3	10	0	0	0
0	0	3	11	0	0	0
0	0	3	12	0	0	0
0	0	3	13	0	0	0
0	0	3	14	0	0	0
0	0	3	15	0	0	0
0	0	3	16	0	0	0
0	0	3	17	0	0	0
0	0	3	18	0	0	0
0	0	3	19	0	0	0
0	0	3	1a	0	0	0
0	0	3	1b	0	0	0
0	0	3	1c	0	0	0
0	0	3	1d	0	0	0
0	0	3	1e	0	0	0
0	0	3	1f	0	0	0
0	0	4	0	0	0	0
0	0	4	1	0	0	0
0	0	4	2	0	0	0
0	0	4	3	0	0	0
0	0	4	4	0	0	0
0	0	4	5	0	0	0
0	0	4	6	0	0	0
0	0	4	7	0	0	0
0	0	4	8	0	0	0
0	0	4	9	0	0	0
0	0	4	a	0	0	0
0	0	4	b	0	0	0
0	0	4	c	0	0	0
0	0	4	d	0	0	0
0	0	4	e	0	0	0
0	0	4	f	0	0	0
0	0	4	10	0	0	0
0	0	4	11	0	0	0
0	0	4	12	0	0	0
0	0	4	13	0	0	0
0	0	4	14	0	0	0
0	0	4	15	0	0	0
0	0	4	16	0	0	0
0	0	4	17	0	0	0
0	0	4	18	0	0	0
0	0	4	19	0	0	0
0	0	4	1a	0	0	0
0	0	4	1b	0	0	0
0	0	4	1c	0	0	0
0	0	4	1d	0	0	0
0	0	4	1e	0	0	0
0	0	4	1f	0	0	0
0	0	5	0	0	0	0
0	0	5	1	0	0	0
0	0	5	2	0	0	0
0	0	5	3	0	0	0
0	0	5	4	0	0	0
0	0	5	5	0	0	0
0	0	5	6	0	0	0
0	0	5	7	0	0	0
0	0	5	8	0	0	0
0	0	5	9	0	0	0
0	0	5	a	0	0	0
0	0	5	b	0	0	0
0	0	5	c	0	0	0
0	0	5	d	0	0	0
0	0	5	e	0	0	0
0	0	5	f	0	0	0
0	0	5	10	0	0	0
0	0	5	11	0	0	0
0	0	5	12	0	0	0
0	0	5	13	0	0	0
0	0	5	14	0	0	0
0	0	5	15	0	0	0
0	0	5	16	0	0	0
0	0	5	17	0	0	0
0	0	5	18	0	0	0
0	0	5	19	0	0	0
0	0	5	1a	0	0	0
0	0	5	1b	0	0	0
0	0	5	1c	0	0	0
0	0	5	1d	0	0	0
0	0	5	1e	0	0	0
0	0	5	1f	0	0	0
0	0	6	0	0	0	0
0	0	6	1	0	0	0
0	0	6	2	0	0	0
0	0	6	3	0	0	0
0	0	6	4	0	0	0
0	0	6	5	0	0	0
0	0	6	6	0	0	0
0	0	6	7	0	0	0
0	0	6	8	0	0	0
0	0	6	9	0	0	0
0	0	6	a	0	0	0
0	0	6	b	0	0	0
0	0	6	c	0	0	0
0	0	6	d	0	0	0
0	0	6	e	0	0	0
0	0	6	f	0	0	0
0	0	6	10	0	0	0
0	0	6	11	0	0	0
0	0	6	12	0	0	0
0	0	6	13	0	0	0
0	0	6	14	0	0	0
0	0	6	15	0	0	0
0	0	6	16	0	0	0
0	0	6	17	0	0	0
0	0	6	18	0	0	0
0	0	6	19	0	0	0
0	0	6	1a	0	0	0
0	0	6	1b	0	0	0
0	0	6	1c	0	0	0
0	0	6	1d	0	0	0
0	0	6	1e	0	0	0
0	0	6	1f	0	0	0
0	1	0	0	0	0	0
0	1	0	1	0	0	0
0	1	0	2	0	0	0
0	1	0	3	0	0	0
0	1	0	4	0	0	0
0	1	0	5	0	0	0
0	1	0	6	0	0	0
0	1	0	7	0	0	0
0	1	0	8	0	0	0
0	1	0	9	0	0	0
0	1	0	a	0	0	0
0	1	0	b	2e	0	2e
0	1	0	c	0	0	0
0	1	0	d	0	0	0
0	1	0	e	0	0	0
0	1	0	f	0	0	0
0	1	0	10	0	0	0
0	1	0	11	0	0	0
0	1	0	12	0	0	0
0	1	0	13	0	0	0
0	1	0	14	0	0	0
0	1	0	15	0	0	0
0	1	0	16	0	0	0
0	1	0	17	0	0	0
0	1	0	18	0	0	0
0	1	0	19	0	0	0
0	1	0	1a	0	0	0
0	1	0	1b	0	0	0
0	1	0	1c	0	0	0
0	1	0	1d	0	0	0
0	1	0	1e	0	0	0
0	1	0	1f	0	0	0
0	1	1	0	0	0	0
0	1	1	1	0	0	0
0	1	1	2	0	0	0
0	1	1	3	0	0	0
0	1	1	4	0	0	0
0	1	1	5	0	0	0
0	1	1	6	0	0	0
0	1	1	7	0	0	0
0	1	1	8	0	0	0
0	1	1	9	0	0	0
0	1	1	a	0	0	0
0	1	1	b	3f	0	3f
0	1	1	c	0	0	0
0	1	1	d	0	0	0
0	1	1	e	0	0	0
0	1	1	f	0	0	0
0	1	1	10	0	0	0
0	1	1	11	0	0	0
0	1	1	12	0	0	0
0	1	1	13	0	0	0
0	1	1	14	0	0	0
0	1	1	15	0	0	0
0	1	1	16	0	0	0
0	1	1	17	0	0	0
0	1	1	18	0	0	0
0	1	1	19	0	0	0
0	1	1	1a	0	0	0
0	1	1	1b	0	0	0
0	1	1	1c	0	0	0
0	1	1	1d	0	0	0
0	1	1	1e	0	0	0
0	1	1	1f	0	0	0
0	1	2	0	0	0	0
0	1	2	1	0	0	0
0	1	2	2	0	0	0
0	1	2	3	0	0	0
0	1	2	4	0	0	0
0	1	2	5	0	0	0
0	1	2	6	0	0	0
0	1	2	7	0	0	0
0	1	2	8	0	0	0
0	1	2	9	0	0	0
0	1	2	a	0	0	0
0	1	2	b	b	0	b
0	1	2	c	0	0	0
0	1	2	d	0	0	0
0	1	2	e	0	0	0
0	1	2	f	0	0	0
0	1	2	10	0	0	0
0	1	2	11	0	0	0
0	1	2	12	0	0	0
0	1	2	13	0	0	0
0	1	2	14	0	0	0
0	1	2	15	0	0	0
0	1	2	16	0	0	0
0	1	2	17	0	0	0
0	1	2	18	0	0	0
0	1	2	19	0	0	0
0	1	2	1a	0	0	0
0	1	2	1b	0	0	0
0	1	2	1c	0	0	0
0	1	2	1d	0	0	0
0	1	2	1e	0	0	0
0	1	2	1f	0	0	0
0	1	3	0	0	0	0
0	1	3	1	0	0	0
0	1	3	2	0	0	0
0	1	3	3	0	0	0
0	1	3	4	0	0	0
0	1	3	5	0	0	0
0	1	3	6	0	0	0
0	1	3	7	0	0	0
0	1	3	8	0	0	0
0	1	3	9	0	0	0
0	1	3	a	0	0	0
0	1	3	b	1e	0	1e
0	1	3	c	0	0	0
0	1	3	d	0	0	0
0	1	3	e	0	0	0
0	1	3	f	0	0	0
0	1	3	10	0	0	0
0	1	3	11	0	0	0
0	1	3	12	0	0	0
0	1	3	13	0	0	0
0	1	3	14	0	0	0
0	1	3	15	0	0	0
0	1	3	16	0	0	0
0	1	3	17	0	0	0
0	1	3	18	0	0	0
0	1	3	19	0	0	0
0	1	3	1a	0	0	0
0	1	3	1b	0	0	0
0	1	3	1c	0	0	0
0	1	3	1d	0	0	0
0	1	3	1e	0	0	0
0	1	3	1f	0	0	0
0	1	4	0	0	0	0
0	1	4	1	0	0	0
0	1	4	2	0	0	0
0	1	4	3	0	0	0
0	1	4	4	0	0	0
0	1	4	5	0	0	0
0	1	4	6	0	0	0
0	1	4	7	0	0	0
0	1	4	8	0	0	0
0	1	4	9	0	0	0
0	1	4	a	0	0	0
0	1	4	b	0	0	0
0	1	4	c	0	0	0
0	1	4	d	0	0	0
0	1	4	e	0	0	0
0	1	4	f	0	0	0
0	1	4	10	0	0	0
0	1	4	11	0	0	0
0	1	4	12	0	0	0
0	1	4	13	0	0	0
0	1	4	14	0	0	0
0	1	4	15	0	0	0
0	1	4	16	0	0	0
0	1	4	17	0	0	0
0	1	4	18	0	0	0
0	1	4	19	0	0	0
0	1	4	1a	0	0	0
0	1	4	1b	0	0	0
0	1	4	1c	0	0	0
0	1	4	1d	0	0	0
0	1	4	1e	0	0	0
0	1	4	1f	0	0	0
0	1	5	0	0	0	0
0	1	5	1	0	0	0
0	1	5	2	0	0	0
0	1	5	3	0	0	0
0	1	5	4	0	0	0
0	1	5	5	0	0	0
0	1	5	6	0	0	0
0	1	5	7	0	0	0
0	1	5	8	0	0	0
0	1	5	9	0	0	0
0	1	5	a	0	0	0
0	1	5	b	0	0	0
0	1	5	c	0	0	0
0	1	5	d	0	0	0
0	1	5	e	0	0	0
0	1	5	f	0	0	0
0	1	5	10	0	0	0
0	1	5	11	0	0	0
0	1	5	12	0	0	0
0	1	5	13	0	0	0
0	1	5	14	0	0	0
0	1	5	15	0	0	0
0	1	5	16	0	0	0
0	1	5	17	0	0	0
0	1	5	18	0	0	0
0	1	5	19	0	0	0
0	1	5	1a	0	0	0
0	1	5	1b	0	0	0
0	1	5	1c	0	0	0
0	1	5	1d	0	0	0
0	1	5	1e	0	0	0
0	1	5	1f	0	0	0
0	1	6	0	0	0	0
0	1	6	1	0	0	0
0	1	6	2	0	0	0
0	1	6	3	0	0	0
0	1	6	4	0	0	0
0	1	6	5	0	0	0
0	1	6	6	0	0	0
0	1	6	7	0	0	0
0	1	6	8	0	0	0
0	1	6	9	0	0	0
0	1	6	a	0	0	0
0	1	6	b	0	0	0
0	1	6	c	0	0	0
0	1	6	d	0	0	0
0	1	6	e	0	0	0
0	1	6	f	0	0	0
0	1	6	10	0	0	0
0	1	6	11	0	0	0
0	1	6	12	0	0	0
0	1	6	13	0	0	0
0	1	6	14	0	0	0
0	1	6	15	0	0	0
0	1	6	16	0	0	0
0	1	6	17	0	0	0
0	1	6	18	0	0	0
0	1	6	19	0	0	0
0	1	6	1a	0	0	0
0	1	6	1b	0	0	0
0	1	6	1c	0	0	0
0	1	6	1d	0	0	0
0	1	6	1e	0	0	0
0	1	6	1f	0	0	0
0	2	0	0	0	0	0
0	2	0	1	0	0	0
0	2	0	2	0	0	0
0	2	0	3	0	0	0
0	2	0	4	0	0	0
0	2	0	5	0	0	0
0	2	0	6	0	0	0
0	2	0	7	0	0	0
0	2	0	8	0	0	0
0	2	0	9	0	0	0
0	2	0	a	0	0	0
0	2	0	b	2e	0	2e
0	2	0	c	0	0	0
0	2	0	d	0	0	0
0	2	0	e	0	0	0
0	2	0	f	0	0	0
0	2	0	10	0	0	0
0	2	0	11	0	0	0
0	2	0	12	0	0	0
0	2	0	13	0	0	0
0	2	0	14	0	0	0
0	2	0	15	0	0	0
0	2	0	16	0	0	0
0	2	0	17	0	0	0
0	2	0	18	0	0	0
0	2	0	19	0	0	0
0	2	0	1a	0	0	0
0	2	0	1b	0	0	0
0	2	0	1c	0	0	0
0	2	0	1d	0	0	0
0	2	0	1e	0	0	0
0	2	0	1f	0	0	0
0	2	1	0	0	0	0
0	2	1	1	0	0	0
0	2	1	2	0	0	0
0	2	1	3	0	0	0
0	2	1	4	0	0	0
0	2	1	5	0	0	0
0	2	1	6	0	0	0
0	2	1	7	0	0	0
0	2	1	8	0	0	0
0	2	1	9	0	0	0
0	2	1	a	0	0	0
0	2	1	b	3f	0	3f
0	2	1	c	0	0	0
0	2	1	d	0	0	0
0	2	1	e	0	0	0
0	2	1	f	0	0	0
0	2	1	10	0	0	0
0	2	1	11	0	0	0
0	2	1	12	0	0	0
0	2	1	13	0	0	0
0	2	1	14	0	0	0
0	2	1	15	0	0	0
0	2	1	16	0	0	0
0	2	1	17	0	0	0
0	2	1	18	0	0	0
0	2	1	19	0	0	0
0	2	1	1a	0	0	0
0	2	1	1b	0	0	0
0	2	1	1c	0	0	0
0	2	1	1d	0	0	0
0	2	1	1e	0	0	0
0	2	1	1f	0	0	0
0	2	2	0	0	0	0
0	2	2	1	0	0	0
0	2	2	2	0	0	0
0	2	2	3	0	0	0
0	2	2	4	0	0	0
0	2	2	5	0	0	0
0	2	2	6	0	0	0
0	2	2	7	0	0	0
0	2	2	8	0	0	0
0	2	2	9	0	0	0
0	2	2	a	0	0	0
0	2	2	b	b	0	b
0	2	2	c	0	0	0
0	2	2	d	0	0	0
0	2	2	e	0	0	0
0	2	2	f	0	0	0
0	2	2	10	0	0	0
0	2	2	11	0	0	0
0	2	2	12	0	0	0
0	2	2	13	0	0	0
0	2	2	14	0	0	0
0	2	2	15	0	0	0
0	2	2	16	0	0	0
0	2	2	17	0	0	0
0	2	2	18	0	0	0
0	2	2	19	0	0	0
0	2	2	1a	0	0	0
0	2	2	1b	0	0	0
0	2	2	1c	0	0	0
0	2	2	1d	0	0	0
0	2	2	1e	0	0	0
0	2	2	1f	0	0	0
0	2	3	0	0	0	0
0	2	3	1	0	0	0
0	2	3	2	0	0	0
0	2	3	3	0	0	0
0	2	3	4	0	0	0
0	2	3	5	0	0	0
0	2	3	6	0	0	0
0	2	3	7	0	0	0
0	2	3	8	0	0	0
0	2	3	9	0	0	0
0	2	3	a	0	0	0
0	2	3	b	1e	0	1e
0	2	3	c	0	0	0
0	2	3	d	0	0	0
0	2	3	e	0	0	0
0	2	3	f	0	0	0
0	2	3	10	0	0	0
0	2	3	11	0	0	0
0	2	3	12	0	0	0
0	2	3	13	0	0	0
0	2	3	14	0	0	0
0	2	3	15	0	0	0
0	2	3	16	0	0	0
0	2	3	17	0	0	0
0	2	3	18	0	0	0
0	2	3	19	0	0	0
0	2	3	1a	0	0	0
0	2	3	1b	0	0	0
0	2	3	1c	0	0	0
0	2	3	1d	0	0	0
0	2	3	1e	0	0	0
0	2	3	1f	0	0	0
0	2	4	0	0	0	0
0	2	4	1	0	0	0
0	2	4	2	0	0	0
0	2	4	3	0	0	0
0	2	4	4	0	0	0
0	2	4	5	0	0	0
0	2	4	6	0	0	0
0	2	4	7	0	0	0
0	2	4	8	0	0	0
0	2	4	9	0	0	0
0	2	4	a	0	0	0
0	2	4	b	0	0	0
0	2	4	c	0	0	0
0	2	4	d	0	0	0
0	2	4	e	0	0	0
0	2	4	f	0	0	0
0	2	4	10	0	0	0
0	2	4	11	0	0	0
0	2	4	12	0	0	0
0	2	4	13	0	0	0
0	2	4	14	0	0	0
0	2	4	15	0	0	0
0	2	4	16	0	0	0
0	2	4	17	0	0	0
0	2	4	18	0	0	0
0	2	4	19	0	0	0
0	2	4	1a	0	0	0
0	2	4	1b	0	0	0
0	2	4	1c	0	0	0
0	2	4	1d	0	0	0
0	2	4	1e	0	0	0
0	2	4	1f	0	0	0
0	2	5	0	0	0	0
0	2	5	1	0	0	0
0	2	5	2	0	0	0
0	2	5	3	0	0	0
0	2	5	4	0	0	0
0	2	5	5	0	0	0
0	2	5	6	0	0	0
0	2	5	7	0	0	0
0	2	5	8	0	0	0
0	2	5	9	0	0	0
0	2	5	a	0	0	0
0	2	5	b	0	0	0
0	2	5	c	0	0	0
0	2	5	d	0	0	0
0	2	5	e	0	0	0
0	2	5	f	0	0	0
0	2	5	10	0	0	0
0	2	5	11	0	0	0
0	2	5	12	0	0	0
0	2	5	13	0	0	0
0	2	5	14	0	0	0
0	2	5	15	0	0	0
0	2	5	16	0	0	0
0	2	5	17	0	0	0
0	2	5	18	0	0	0
0	2	5	19	0	0	0
0	2	5	1a	0	0	0
0	2	5	1b	0	0	0
0	2	5	1c	0	0	0
0	2	5	1d	0	0	0
0	2	5	1e	0	0	0
0	2	5	1f	0	0	0
0	2	6	0	0	0	0
0	2	6	1	0	0	0
0	2	6	2	0	0	0
0	2	6	3	0	0	0
0	2	6	4	0	0	0
0	2	6	5	0	0	0
0	2	6	6	0	0	0
0	2	6	7	0	0	0
0	2	6	8	0	0	0
0	2	6	9	0	0	0
0	2	6	a	0	0	0
0	2	6	b	0	0	0
0	2	6	c	0	0	0
0	2	6	d	0	0	0
0	2	6	e	0	0	0
0	2	6	f	0	0	0
0	2	6	10	0	0	0
0	2	6	11	0	0	0
0	2	6	12	0	0	0
0	2	6	13	0	0	0
0	2	6	14	0	0	0
0	2	6	15	0	0	0
0	2	6	16	0	0	0
0	2	6	17	0	0	0
0	2	6	18	0	0	0
0	2	6	19	0	0	0
0	2	6	1a	0	0	0
0	2	6	1b	0	0	0
0	2	6	1c	0	0	0
0	2	6	1d	0	0	0
0	2	6	1e	0	0	0
0	2	6	1f	0	0	0
0	3	0	0	0	0	0
0	3	0	1	0	0	0
0	3	0	2	0	0	0
0	3	0	3	0	0	0
0	3	0	4	0	0	0
0	3	0	5	0	0	0
0	3	0	6	0	0	0
0	3	0	7	0	0	0
0	3	0	8	0	0	0
0	3	0	9	0	0	0
0	3	0	a	0	0	0
0	3	0	b	2e	0	2e
0	3	0	c	0	0	0
0	3	0	d	0	0	0
0	3	0	e	0	0	0
0	3	0	f	0	0	0
0	3	0	10	0	0	0
0	3	0	11	0	0	0
0	3	0	12	0	0	0
0	3	0	13	0	0	0
0	3	0	14	0	0	0
0	3	0	15	0	0	0
0	3	0	16	0	0	0
0	3	0	17	0	0	0
0	3	0	18	0	0	0
0	3	0	19	0	0	0
0	3	0	1a	0	0	0
0	3	0	1b	0	0	0
0	3	0	1c	0	0	0
0	3	0	1d	0	0	0
0	3	0	1e	0	0	0
0	3	0	1f	0	0	0
0	3	1	0	0	0	0
0	3	1	1	0	0	0
0	3	1	2	0	0	0
0	3	1	3	0	0	0
0	3	1	4	0	0	0
0	3	1	5	0	0	0
0	3	1	6	0	0	0
0	3	1	7	0	0	0
0	3	1	8	0	0	0
0	3	1	9	0	0	0
0	3	1	a	0	0	0
0	3	1	b	3f	0	3f
0	3	1	c	0	0	0
0	3	1	d	0	0	0
0	3	1	e	0	0	0
0	3	1	f	0	0	0
0	3	1	10	0	0	0
0	3	1	11	0	0	0
0	3	1	12	0	0	0
0	3	1	13	0	0	0
0	3	1	14	0	0	0
0	3	1	15	0	0	0
0	3	1	16	0	0	0
0	3	1	17	0	0	0
0	3	1	18	0	0	0
0	3	1	19	0	0	0
0	3	1	1a	0	0	0
0	3	1	1b	0	0	0
0	3	1	1c	0	0	0
0	3	1	1d	0	0	0
0	3	1	1e	0	0	0
0	3	1	1f	0	0	0
0	3	2	0	0	0	0
0	3	2	1	0	0	0
0	3	2	2	0	0	0
0	3	2	3	0	0	0
0	3	2	4	0	0	0
0	3	2	5	0	0	0
0	3	2	6	0	0	0
0	3	2	7	0	0	0
0	3	2	8	0	0	0
0	3	2	9	0	0	0
0	3	2	a	0	0	0
0	3	2	b	b	0	b
0	3	2	c	0	0	0
0	3	2	d	0	0	0
0	3	2	e	0	0	0
0	3	2	f	0	0	0
0	3	2	10	0	0	0
0	3	2	11	0	0	0
0	3	2	12	0	0	0
0	3	2	13	0	0	0
0	3	2	14	0	0	0
0	3	2	15	0	0	0
0	3	2	16	0	0	0
0	3	2	17	0	0	0
0	3	2	18	0	0	0
0	3	2	19	0	0	0
0	3	2	1a	0	0	0
0	3	2	1b	0	0	0
0	3	2	1c	0	0	0
0	3	2	1d	0	0	0
0	3	2	1e	0	0	0
0	3	2	1f	0	0	0
0	3	3	0	0	0	0
0	3	3	1	0	0	0
0	3	3	2	0	0	0
0	3	3	3	0	0	0
0	3	3	4	0	0	0
0	3	3	5	0	0	0
0	3	3	6	0	0	0
0	3	3	7	0	0	0
0	3	3	8	0	0	0
0	3	3	9	0	0	0
0	3	3	a	0	0	0
0	3	3	b	1e	0	1e
0	3	3	c	0	0	0
0	3	3	d	0	0	0
0	3	3	e	0	0	0
0	3	3	f	0	0	0
0	3	3	10	0	0	0
0	3	3	11	0	0	0
0	3	3	12	0	0	0
0	3	3	13	0	0	0
0	3	3	14	0	0	0
0	3	3	15	0	0	0
0	3	3	16	0	0	0
0	3	3	17	0	0	0
0	3	3	18	0	0	0
0	3	3	19	0	0	0
0	3	3	1a	0	0	0
0	3	3	1b	0	0	0
0	3	3	1c	0	0	0
0	3	3	1d	0	0	0
0	3	3	1e	0	0	0
0	3	3	1f	0	0	0
0	3	4	0	0	0	0
0	3	4	1	0	0	0
0	3	4	2	0	0	0
0	3	4	3	0	0	0
0	3	4	4	0	0	0
0	3	4	5	0	0	0
0	3	4	6	0	0	0
0	3	4	7	0	0	0
0	3	4	8	0	0	0
0	3	4	9	0	0	0
0	3	4	a	0	0	0
0	3	4	b	0	0	0
0	3	4	c	0	0	0
0	3	4	d	0	0	0
0	3	4	e	0	0	0
0	3	4	f	0	0	0
0	3	4	10	0	0	0
0	3	4	11	0	0	0
0	3	4	12	0	0	0
0	3	4	13	0	0	0
0	3	4	14	0	0	0
0	3	4	15	0	0	0
0	3	4	16	0	0	0
0	3	4	17	0	0	0
0	3	4	18	0	0	0
0	3	4	19	0	0	0
0	3	4	1a	0	0	0
0	3	4	1b	0	0	0
0	3	4	1c	0	0	0
0	3	4	1d	0	0	0
0	3	4	1e	0	0	0
0	3	4	1f	0	0	0
0	3	5	0	0	0	0
0	3	5	1	0	0	0
0	3	5	2	0	0	0
0	3	5	3	0	0	0
0	3	5	4	0	0	0
0	3	5	5	0	0	0
0	3	5	6	0	0	0
0	3	5	7	0	0	0
0	3	5	8	0	0	0
0	3	5	9	0	0	0
0	3	5	a	0	0	0
0	3	5	b	0	0	0
0	3	5	c	0	0	0
0	3	5	d	0	0	0
0	3	5	e	0	0	0
0	3	5	f	0	0	0
0	3	5	10	0	0	0
0	3	5	11	0	0	0
0	3	5	12	0	0	0
0	3	5	13	0	0	0
0	3	5	14	0	0	0
0	3	5	15	0	0	0
0	3	5	16	0	0	0
0	3	5	17	0	0	0
0	3	5	18	0	0	0
0	3	5	19	0	0	0
0	3	5	1a	0	0	0
0	3	5	1b	0	0	0
0	3	5	1c	0	0	0
0	3	5	1d	0	0	0
0	3	5	1e	0	0	0
0	3	5	1f	0	0	0
0	3	6	0	0	0	0
0	3	6	1	0	0	0
0	3	6	2	0	0	0
0	3	6	3	0	0	0
0	3	6	4	0	0	0
0	3	6	5	0	0	0
0	3	6	6	0	0	0
0	3	6	7	0	0	0
0	3	6	8	0	0	0
0	3	6	9	0	0	0
0	3	6	a	0	0	0
0	3	6	b	0	0	0
0	3	6	c	0	0	0
0	3	6	d	0	0	0
0	3	6	e	0	0	0
0	3	6	f	0	0	0
0	3	6	10	0	0	0
0	3	6	11	0	0	0
0	3	6	12	0	0	0
0	3	6	13	0	0	0
0	3	6	14	0	0	0
0	3	6	15	0	0	0
0	3	6	16	0	0	0
0	3	6	17	0	0	0
0	3	6	18	0	0	0
0	3	6	19	0	0	0
0	3	6	1a	0	0	0
0	3	6	1b	0	0	0
0	3	6	1c	0	0	0
0	3	6	1d	0	0	0
0	3	6	1e	0	0	0
0	3	6	1f	0	0	0
0	4	0	0	0	0	0
0	4	0	1	0	0	0
0	4	0	2	0	0	0
0	4	0	3	0	0	0
0	4	0	4	0	0	0
0	4	0	5	0	0	0
0	4	0	6	0	0	0
0	4	0	7	0	0	0
0	4	0	8	0	0	0
0	4	0	9	0	0	0
0	4	0	a	0	0	0
0	4	0	b	2e	0	2e
0	4	0	c	0	0	0
0	4	0	d	0	0	0
0	4	0	e	0	0	0
0	4	0	f	0	0	0
0	4	0	10	0	0	0
0	4	0	11	0	0	0
0	4	0	12	0	0	0
0	4	0	13	0	0	0
0	4	0	14	0	0	0
0	4	0	15	0	0	0
0	4	0	16	0	0	0
0	4	0	17	0	0	0
0	4	0	18	0	0	0
0	4	0	19	0	0	0
0	4	0	1a	0	0	0
0	4	0	1b	0	0	0
0	4	0	1c	0	0	0
0	4	0	1d	0	0	0
0	4	0	1e	0	0	0
0	4	0	1f	0	0	0
0	4	1	0	0	0	0
0	4	1	1	0	0	0
0	4	1	2	0	0	0
0	4	1	3	0	0	0
0	4	1	4	0	0	0
0	4	1	5	0	0	0
0	4	1	6	0	0	0
0	4	1	7	0	0	0
0	4	1	8	0	0	0
0	4	1	9	0	0	0
0	4	1	a	0	0	0
0	4	1	b	3f	0	3f
0	4	1	c	0	0	0
0	4	1	d	0	0	0
0	4	1	e	0	0	0
0	4	1	f	0	0	0
0	4	1	10	0	0	0
0	4	1	11	0	0	0
0	4	1	12	0	0	0
0	4	1	13	0	0	0
0	4	1	14	0	0	0
0	4	1	15	0	0	0
0	4	1	16	0	0	0
0	4	1	17	0	0	0
0	4	1	18	0	0	0
0	4	1	19	0	0	0
0	4	1	1a	0	0	0
0	4	1	1b	0	0	0
0	4	1	1c	0	0	0
0	4	1	1d	0	0	0
0	4	1	1e	0	0	0
0	4	1	1f	0	0	0
0	4	2	0	0	0	0
0	4	2	1	0	0	0
0	4	2	2	0	0	0
0	4	2	3	0	0	0
0	4	2	4	0	0	0
0	4	2	5	0	0	0
0	4	2	6	0	0	0
0	4	2	7	0	0	0
0	4	2	8	0	0	0
0	4	2	9	0	0	0
0	4	2	a	0	0	0
0	4	2	b	b	0	b
0	4	2	c	0	0	0
0	4	2	d	0	0	0
0	4	2	e	0	0	0
0	4	2	f	0	0	0
0	4	2	10	0	0	0
0	4	2	11	0	0	0
0	4	2	12	0	0	0
0	4	2	13	0	0	0
0	4	2	14	0	0	0
0	4	2	15	0	0	0
0	4	2	16	0	0	0
0	4	2	17	0	0	0
0	4	2	18	0	0	0
0	4	2	19	0	0	0
0	4	2	1a	0	0	0
0	4	2	1b	0	0	0
0	4	2	1c	0	0	0
0	4	2	1d	0	0	0
0	4	2	1e	0	0	0
0	4	2	1f	0	0	0
0	4	3	0	0	0	0
0	4	3	1	0	0	0
0	4	3	2	0	0	0
0	4	3	3	0	0	0
0	4	3	4	0	0	0
0	4	3	5	0	0	0
0	4	3	6	0	0	0
0	4	3	7	0	0	0
0	4	3	8	0	0	0
0	4	3	9	0	0	0
0	4	3	a	0	0	0
0	4	3	b	1e	0	1e
0	4	3	c	0	0	0
0	4	3	d	0	0	0
0	4	3	e	0	0	0
0	4	3	f	0	0	0
0	4	3	10	0	0	0
0	4	3	11	0	0	0
0	4	3	12	0	0	0
0	4	3	13	0	0	0
0	4	3	14	0	0	0
0	4	3	15	0	0	0
0	4	3	16	0	0	0
0	4	3	17	0	0	0
0	4	3	18	0	0	0
0	4	3	19	0	0	0
0	4	3	1a	0	0	0
0	4	3	1b	0	0	0
0	4	3	1c	0	0	0
0	4	3	1d	0	0	0
0	4	3	1e	0	0	0
0	4	3	1f	0	0	0
0	4	4	0	0	0	0
0	4	4	1	0	0	0
0	4	4	2	0	0	0
0	4	4	3	0	0	0
0	4	4	4	0	0	0
0	4	4	5	0	0	0
0	4	4	6	0	0	0
0	4	4	7	0	0	0
0	4	4	8	0	0	0
0	4	4	9	0	0	0
0	4	4	a	0	0	0
0	4	4	b	0	0	0
0	4	4	c	0	0	0
0	4	4	d	0	0	0
0	4	4	e	0	0	0
0	4	4	f	0	0	0
0	4	4	10	0	0	0
0	4	4	11	0	0	0
0	4	4	12	0	0	0
0	4	4	13	0	0	0
0	4	4	14	0	0	0
0	4	4	15	0	0	0
0	4	4	16	0	0	0
0	4	4	17	0	0	0
0	4	4	18	0	0	0
0	4	4	19	0	0	0
0	4	4	1a	0	0	0
0	4	4	1b	0	0	0
0	4	4	1c	0	0	0
0	4	4	1d	0	0	0
0	4	4	1e	0	0	0
0	4	4	1f	0	0	0
0	4	5	0	0	0	0
0	4	5	1	0	0	0
0	4	5	2	0	0	0
0	4	5	3	0	0	0
0	4	5	4	0	0	0
0	4	5	5	0	0	0
0	4	5	6	0	0	0
0	4	5	7	0	0	0
0	4	5	8	0	0	0
0	4	5	9	0	0	0
0	4	5	a	0	0	0
0	4	5	b	0	0	0
0	4	5	c	0	0	0
0	4	5	d	0	0	0
0	4	5	e	0	0	0
0	4	5	f	0	0	0
0	4	5	10	0	0	0
0	4	5	11	0	0	0
0	4	5	12	0	0	0
0	4	5	13	0	0	0
0	4	5	14	0	0	0
0	4	5	15	0	0	0
0	4	5	16	0	0	0
0	4	5	17	0	0	0
0	4	5	18	0	0	0
0	4	5	19	0	0	0
0	4	5	1a	0	0	0
0	4	5	1b	0	0	0
0	4	5	1c	0	0	0
0	4	5	1d	0	0	0
0	4	5	1e	0	0	0
0	4	5	1f	0	0	0
0	4	6	0	0	0	0
0	4	6	1	0	0	0
0	4	6	2	0	0	0
0	4	6	3	0	0	0
0	4	6	4	0	0	0
0	4	6	5	0	0	0
0	4	6	6	0	0	0
0	4	6	7	0	0	0
0	4	6	8	0	0	0
0	4	6	9	0	0	0
0	4	6	a	0	0	0
0	4	6	b	0	0	0
0	4	6	c	0	0	0
0	4	6	d	0	0	0
0	4	6	e	0	0	0
0	4	6	f	0	0	0
0	4	6	10	0	0	0
0	4	6	11	0	0	0
0	4	6	12	0	0	0
0	4	6	13	0	0	0
0	4	6	14	0	0	0
0	4	6	15	0	0	0
0	4	6	16	0	0	0
0	4	6	17	0	0	0
0	4	6	18	0	0	0
0	4	6	19	0	0	0
0	4	6	1a	0	0	0
0	4	6	1b	0	0	0
0	4	6	1c	0	0	0
0	4	6	1d	0	0	0
0	4	6	1e	0	0	0
0	4	6	1f	0	0	0
0	5	0	0	0	0	0
0	5	0	1	0	0	0
0	5	0	2	0	0	0
0	5	0	3	0	0	0
0	5	0	4	0	0	0
0	5	0	5	0	0	0
0	5	0	6	0	0	0
0	5	0	7	0	0	0
0	5	0	8	0	0	0
0	5	0	9	0	0	0
0	5	0	a	0	0	0
0	5	0	b	2e	0	2e
0	5	0	c	0	0	0
0	5	0	d	0	0	0
0	5	0	e	0	0	0
0	5	0	f	0	0	0
0	5	0	10	0	0	0
0	5	0	11	0	0	0
0	5	0	12	0	0	0
0	5	0	13	0	0	0
0	5	0	14	0	0	0
0	5	0	15	0	0	0
0	5	0	16	0	0	0
0	5	0	17	0	0	0
0	5	0	18	0	0	0
0	5	0	19	0	0	0
0	5	0	1a	0	0	0
0	5	0	1b	0	0	0
0	5	0	1c	0	0	0
0	5	0	1d	0	0	0
0	5	0	1e	0	0	0
0	5	0	1f	0	0	0
0	5	1	0	0	0	0
0	5	1	1	0	0	0
0	5	1	2	0	0	0
0	5	1	3	0	0	0
0	5	1	4	0	0	0
0	5	1	5	0	0	0
0	5	1	6	0	0	0
0	5	1	7	0	0	0
0	5	1	8	0	0	0
0	5	1	9	0	0	0
0	5	1	a	0	0	0
0	5	1	b	3f	0	3f
0	5	1	c	0	0	0
0	5	1	d	0	0	0
0	5	1	e	0	0	0
0	5	1	f	0	0	0
0	5	1	10	0	0	0
0	5	1	11	0	0	0
0	5	1	12	0	0	0
0	5	1	13	0	0	0
0	5	1	14	0	0	0
0	5	1	15	0	0	0
0	5	1	16	0	0	0
0	5	1	17	0	0	0
0	5	1	18	0	0	0
0	5	1	19	0	0	0
0	5	1	1a	0	0	0
0	5	1	1b	0	0	0
0	5	1	1c	0	0	0
0	5	1	1d	0	0	0
0	5	1	1e	0	0	0
0	5	1	1f	0	0	0
0	5	2	0	0	0	0
0	5	2	1	0	0	0
0	5	2	2	0	0	0
0	5	2	3	0	0	0
0	5	2	4	0	0	0
0	5	2	5	0	0	0
0	5	2	6	0	0	0
0	5	2	7	0	0	0
0	5	2	8	0	0	0
0	5	2	9	0	0	0
0	5	2	a	0	0	0
0	5	2	b	b	0	b
0	5	2	c	0	0	0
0	5	2	d	0	0	0
0	5	2	e	0	0	0
0	5	2	f	0	0	0
0	5	2	10	0	0	0
0	5	2	11	0	0	0
0	5	2	12	0	0	0
0	5	2	13	0	0	0
0	5	2	14	0	0	0
0	5	2	15	0	0	0
0	5	2	16	0	0	0
0	5	2	17	0	0	0
0	5	2	18	0	0	0
0	5	2	19	0	0	0
0	5	2	1a	0	0	0
0	5	2	1b	0	0	0
0	5	2	1c	0	0	0
0	5	2	1d	0	0	0
0	5	2	1e	0	0	0
0	5	2	1f	0	0	0
0	5	3	0	0	0	0
0	5	3	1	0	0	0
0	5	3	2	0	0	0
0	5	3	3	0	0	0
0	5	3	4	0	0	0
0	5	3	5	0	0	0
0	5	3	6	0	0	0
0	5	3	7	0	0	0
0	5	3	8	0	0	0
0	5	3	9	0	0	0
0	5	3	a	0	0	0
0	5	3	b	1e	0	1e
0	5	3	c	0	0	0
0	5	3	d	0	0	0
0	5	3	e	0	0	0
0	5	3	f	0	0	0
0	5	3	10	0	0	0
0	5	3	11	0	0	0
0	5	3	12	0	0	0
0	5	3	13	0	0	0
0	5	3	14	0	0	0
0	5	3	15	0	0	0
0	5	3	16	0	0	0
0	5	3	17	0	0	0
0	5	3	18	0	0	0
0	5	3	19	0	0	0
0	5	3	1a	0	0	0
0	5	3	1b	0	0	0
0	5	3	1c	0	0	0
0	5	3	1d	0	0	0
0	5	3	1e	0	0	0
0	5	3	1f	0	0	0
0	5	4	0	0	0	0
0	5	4	1	0	0	0
0	5	4	2	0	0	0
0	5	4	3	0	0	0
0	5	4	4	0	0	0
0	5	4	5	0	0	0
0	5	4	6	0	0	0
0	5	4	7	0	0	0
0	5	4	8	0	0	0
0	5	4	9	0	0	0
0	5	4	a	0	0	0
0	5	4	b	0	0	0
0	5	4	c	0	0	0
0	5	4	d	0	0	0
0	5	4	e	0	0	0
0	5	4	f	0	0	0
0	5	4	10	0	0	0
0	5	4	11	0	0	0
0	5	4	12	0	0	0
0	5	4	13	0	0	0
0	5	4	14	0	0	0
0	5	4	15	0	0	0
0	5	4	16	0	0	0
0	5	4	17	0	0	0
0	5	4	18	0	0	0
0	5	4	19	0	0	0
0	5	4	1a	0	0	0
0	5	4	1b	0	0	0
0	5	4	1c	0	0	0
0	5	4	1d	0	0	0
0	5	4	1e	0	0	0
0	5	4	1f	0	0	0
0	5	5	0	0	0	0
0	5	5	1	0	0	0
0	5	5	2	0	0	0
0	5	5	3	0	0	0
0	5	5	4	0	0	0
0	5	5	5	0	0	0
0	5	5	6	0	0	0
0	5	5	7	0	0	0
0	5	5	8	0	0	0
0	5	5	9	0	0	0
0	5	5	a	0	0	0
0	5	5	b	0	0	0
0	5	5	c	0	0	0
0	5	5	d	0	0	0
0	5	5	e	0	0	0
0	5	5	f	0	0	0
0	5	5	10	0	0	0
0	5	5	11	0	0	0
0	5	5	12	0	0	0
0	5	5	13	0	0	0
0	5	5	14	0	0	0
0	5	5	15	0	0	0
0	5	5	16	0	0	0
0	5	5	17	0	0	0
0	5	5	18	0	0	0
0	5	5	19	0	0	0
0	5	5	1a	0	0	0
0	5	5	1b	0	0	0
0	5	5	1c	0	0	0
0	5	5	1d	0	0	0
0	5	5	1e	0	0	0
0	5	5	1f	0	0	0
0	5	6	0	0	0	0
0	5	6	1	0	0	0
0	5	6	2	0	0	0
0	5	6	3	0	0	0
0	5	6	4	0	0	0
0	5	6	5	0	0	0
0	5	6	6	0	0	0
0	5	6	7	0	0	0
0	5	6	8	0	0	0
0	5	6	9	0	0	0
0	5	6	a	0	0	0
0	5	6	b	0	0	0
0	5	6	c	0	0	0
0	5	6	d	0	0	0
0	5	6	e	0	0	0
0	5	6	f	0	0	0
0	5	6	10	0	0	0
0	5	6	11	0	0	0
0	5	6	12	0	0	0
0	5	6	13	0	0	0
0	5	6	14	0	0	0
0	5	6	15	0	0	0
0	5	6	16	0	0	0
0	5	6	17	0	0	0
0	5	6	18	0	0	0
0	5	6	19	0	0	0
0	5	6	1a	0	0	0
0	5	6	1b	0	0	0
0	5	6	1c	0	0	0
0	5	6	1d	0	0	0
0	5	6	1e	0	0	0
0	5	6	1f	0	0	0
0	6	0	0	0	0	0
0	6	0	1	0	0	0
0	6	0	2	0	0	0
0	6	0	3	0	0	0
0	6	0	4	0	0	0
0	6	0	5	0	0	0
0	6	0	6	0	0	0
0	6	0	7	0	0	0
0	6	0	8	0	0	0
0	6	0	9	0	0	0
0	6	0	a	0	0	0
0	6	0	b	2e	0	2e
0	6	0	c	0	0	0
0	6	0	d	0	0	0
0	6	0	e	0	0	0
0	6	0	f	0	0	0
0	6	0	10	0	0	0
0	6	0	11	0	0	0
0	6	0	12	0	0	0
0	6	0	13	0	0	0
0	6	0	14	0	0	0
0	6	0	15	0	0	0
0	6	0	16	0	0	0
0	6	0	17	0	0	0
0	6	0	18	0	0	0
0	6	0	19	0	0	0
0	6	0	1a	0	0	0
0	6	0	1b	0	0	0
0	6	0	1c	0	0	0
0	6	0	1d	0	0	0
0	6	0	1e	0	0	0
0	6	0	1f	0	0	0
0	6	1	0	0	0	0
0	6	1	1	0	0	0
0	6	1	2	0	0	0
0	6	1	3	0	0	0
0	6	1	4	0	0	0
0	6	1	5	0	0	0
0	6	1	6	0	0	0
0	6	1	7	0	0	0
0	6	1	8	0	0	0
0	6	1	9	0	0	0
0	6	1	a	0	0	0
0	6	1	b	3f	0	3f
0	6	1	c	0	0	0
0	6	1	d	0	0	0
0	6	1	e	0	0	0
0	6	1	f	0	0	0
0	6	1	10	0	0	0
0	6	1	11	0	0	0
0	6	1	12	0	0	0
0	6	1	13	0	0	0
0	6	1	14	0	0	0
0	6	1	15	0	0	0
0	6	1	16	0	0	0
0	6	1	17	0	0	0
0	6	1	18	0	0	0
0	6	1	19	0	0	0
0	6	1	1a	0	0	0
0	6	1	1b	0	0	0
0	6	1	1c	0	0	0
0	6	1	1d	0	0	0
0	6	1	1e	0	0	0
0	6	1	1f	0	0	0
0	6	2	0	0	0	0
0	6	2	1	0	0	0
0	6	2	2	0	0	0
0	6	2	3	0	0	0
0	6	2	4	0	0	0
0	6	2	5	0	0	0
0	6	2	6	0	0	0
0	6	2	7	0	0	0
0	6	2	8	0	0	0
0	6	2	9	0	0	0
0	6	2	a	0	0	0
0	6	2	b	b	0	b
0	6	2	c	0	0	0
0	6	2	d	0	0	0
0	6	2	e	0	0	0
0	6	2	f	0	0	0
0	6	2	10	0	0	0
0	6	2	11	0	0	0
0	6	2	12	0	0	0
0	6	2	13	0	0	0
0	6	2	14	0	0	0
0	6	2	15	0	0	0
0	6	2	16	0	0	0
0	6	2	17	0	0	0
0	6	2	18	0	0	0
0	6	2	19	0	0	0
0	6	2	1a	0	0	0
0	6	2	1b	0	0	0
0	6	2	1c	0	0	0
0	6	2	1d	0	0	0
0	6	2	1e	0	0	0
0	6	2	1f	0	0	0
0	6	3	0	0	0	0
0	6	3	1	0	0	0
0	6	3	2	0	0	0
0	6	3	3	0	0	0
0	6	3	4	0	0	0
0	6	3	5	0	0	0
0	6	3	6	0	0	0
0	6	3	7	0	0	0
0	6	3	8	0	0	0
0	6	3	9	0	0	0
0	6	3	a	0	0	0
0	6	3	b	1e	0	1e
0	6	3	c	0	0	0
0	6	3	d	0	0	0
0	6	3	e	0	0	0
0	6	3	f	0	0	0
0	6	3	10	0	0	0
0	6	3	11	0	0	0
0	6	3	12	0	0	0
0	6	3	13	0	0	0
0	6	3	14	0	0	0
0	6	3	15	0	0	0
0	6	3	16	0	0	0
0	6	3	17	0	0	0
0	6	3	18	0	0	0
0	6	3	19	0	0	0
0	6	3	1a	0	0	0
0	6	3	1b	0	0	0
0	6	3	1c	0	0	0
0	6	3	1d	0	0	0
0	6	3	1e	0	0	0
0	6	3	1f	0	0	0
0	6	4	0	0	0	0
0	6	4	1	0	0	0
0	6	4	2	0	0	0
0	6	4	3	0	0	0
0	6	4	4	0	0	0
0	6	4	5	0	0	0
0	6	4	6	0	0	0
0	6	4	7	0	0	0
0	6	4	8	0	0	0
0	6	4	9	0	0	0
0	6	4	a	0	0	0
0	6	4	b	0	0	0
0	6	4	c	0	0	0
0	6	4	d	0	0	0
0	6	4	e	0	0	0
0	6	4	f	0	0	0
0	6	4	10	0	0	0
0	6	4	11	0	0	0
0	6	4	12	0	0	0
0	6	4	13	0	0	0
0	6	4	14	0	0	0
0	6	4	15	0	0	0
0	6	4	16	0	0	0
0	6	4	17	0	0	0
0	6	4	18	0	0	0
0	6	4	19	0	0	0
0	6	4	1a	0	0	0
0	6	4	1b	0	0	0
0	6	4	1c	0	0	0
0	6	4	1d	0	0	0
0	6	4	1e	0	0	0
0	6	4	1f	0	0	0
0	6	5	0	0	0	0
0	6	5	1	0	0	0
0	6	5	2	0	0	0
0	6	5	3	0	0	0
0	6	5	4	0	0	0
0	6	5	5	0	0	0
0	6	5	6	0	0	0
0	6	5	7	0	0	0
0	6	5	8	0	0	0
0	6	5	9	0	0	0
0	6	5	a	0	0	0
0	6	5	b	0	0	0
0	6	5	c	0	0	0
0	6	5	d	0	0	0
0	6	5	e	0	0	0
0	6	5	f	0	0	0
0	6	5	10	0	0	0
0	6	5	11	0	0	0
0	6	5	12	0	0	0
0	6	5	13	0	0	0
0	6	5	14	0	0	0
0	6	5	15	0	0	0
0	6	5	16	0	0	0
0	6	5	17	0	0	0
0	6	5	18	0	0	0
0	6	5	19	0	0	0
0	6	5	1a	0	0	0
0	6	5	1b	0	0	0
0	6	5	1c	0	0	0
0	6	5	1d	0	0	0
0	6	5	1e	0	0	0
0	6	5	1f	0	0	0
0	6	6	0	0	0	0
0	6	6	1	0	0	0
0	6	6	2	0	0	0
0	6	6	3	0	0	0
0	6	6	4	0	0	0
0	6	6	5	0	0	0
0	6	6	6	0	0	0
0	6	6	7	0	0	0
0	6	6	8	0	0	0
0	6	6	9	0	0	0
0	6	6	a	0	0	0
0	6	6	b	0	0	0
0	6	6	c	0	0	0
0	6	6	d	0	0	0
0	6	6	e	0	0	0
0	6	6	f	0	0	0
0	6	6	10	0	0	0
0	6	6	11	0	0	0
0	6	6	12	0	0	0
0	6	6	13	0	0	0
0	6	6	14	0	0	0
0	6	6	15	0	0	0
0	6	6	16	0	0	0
0	6	6	17	0	0	0
0	6	6	18	0	0	0
0	6	6	19	0	0	0
0	6	6	1a	0	0	0
0	6	6	1b	0	0	0
0	6	6	1c	0	0	0
0	6	6	1d	0	0	0
0	6	6	1e	0	0	0
0	6	6	1f	0	0	0
0	7	0	0	0	0	0
0	7	0	1	0	0	0
0	7	0	2	0	0	0
0	7	0	3	0	0	0
0	7	0	4	0	0	0
0	7	0	5	0	0	0
0	7	0	6	0	0	0
0	7	0	7	0	0	0
0	7	0	8	0	0	0
0	7	0	9	0	0	0
0	7	0	a	0	0	0
0	7	0	b	2e	0	2e
0	7	0	c	0	0	0
0	7	0	d	0	0	0
0	7	0	e	0	0	0
0	7	0	f	0	0	0
0	7	0	10	0	0	0
0	7	0	11	0	0	0
0	7	0	12	0	0	0
0	7	0	13	0	0	0
0	7	0	14	0	0	0
0	7	0	15	0	0	0
0	7	0	16	0	0	0
0	7	0	17	0	0	0
0	7	0	18	0	0	0
0	7	0	19	0	0	0
0	7	0	1a	0	0	0
0	7	0	1b	0	0	0
0	7	0	1c	0	0	0
0	7	0	1d	0	0	0
0	7	0	1e	0	0	0
0	7	0	1f	0	0	0
0	7	1	0	0	0	0
0	7	1	1	0	0	0
0	7	1	2	0	0	0
0	7	1	3	0	0	0
0	7	1	4	0	0	0
0	7	1	5	0	0	0
0	7	1	6	0	0	0
0	7	1	7	0	0	0
0	7	1	8	0	0	0
0	7	1	9	0	0	0
0	7	1	a	0	0	0
0	7	1	b	3f	0	3f
0	7	1	c	0	0	0
0	7	1	d	0	0	0
0	7	1	e	0	0	0
0	7	1	f	0	0	0
0	7	1	10	0	0	0
0	7	1	11	0	0	0
0	7	1	12	0	0	0
0	7	1	13	0	0	0
0	7	1	14	0	0	0
0	7	1	15	0	0	0
0	7	1	16	0	0	0
0	7	1	17	0	0	0
0	7	1	18	0	0	0
0	7	1	19	0	0	0
0	7	1	1a	0	0	0
0	7	1	1b	0	0	0
0	7	1	1c	0	0	0
0	7	1	1d	0	0	0
0	7	1	1e	0	0	0
0	7	1	1f	0	0	0
0	7	2	0	0	0	0
0	7	2	1	0	0	0
0	7	2	2	0	0	0
0	7	2	3	0	0	0
0	7	2	4	0	0	0
0	7	2	5	0	0	0
0	7	2	6	0	0	0
0	7	2	7	0	0	0
0	7	2	8	0	0	0
0	7	2	9	0	0	0
0	7	2	a	0	0	0
0	7	2	b	b	0	b
0	7	2	c	0	0	0
0	7	2	d	0	0	0
0	7	2	e	0	0	0
0	7	2	f	0	0	0
0	7	2	10	0	0	0
0	7	2	11	0	0	0
0	7	2	12	0	0	0
0	7	2	13	0	0	0
0	7	2	14	0	0	0
0	7	2	15	0	0	0
0	7	2	16	0	0	0
0	7	2	17	0	0	0
0	7	2	18	0	0	0
0	7	2	19	0	0	0
0	7	2	1a	0	0	0
0	7	2	1b	0	0	0
0	7	2	1c	0	0	0
0	7	2	1d	0	0	0
0	7	2	1e	0	0	0
0	7	2	1f	0	0	0
0	7	3	0	0	0	0
0	7	3	1	0	0	0
0	7	3	2	0	0	0
0	7	3	3	0	0	0
0	7	3	4	0	0	0
0	7	3	5	0	0	0
0	7	3	6	0	0	0
0	7	3	7	0	0	0
0	7	3	8	0	0	0
0	7	3	9	0	0	0
0	7	3	a	0	0	0
0	7	3	b	1e	0	1e
0	7	3	c	0	0	0
0	7	3	d	0	0	0
0	7	3	e	0	0	0
0	7	3	f	0	0	0
0	7	3	10	0	0	0
0	7	3	11	0	0	0
0	7	3	12	0	0	0
0	7	3	13	0	0	0
0	7	3	14	0	0	0
0	7	3	15	0	0	0
0	7	3	16	0	0	0
0	7	3	17	0	0	0
0	7	3	18	0	0	0
0	7	3	19	0	0	0
0	7	3	1a	0	0	0
0	7	3	1b	0	0	0
0	7	3	1c	0	0	0
0	7	3	1d	0	0	0
0	7	3	1e	0	0	0
0	7	3	1f	0	0	0
0	7	4	0	0	0	0
0	7	4	1	0	0	0
0	7	4	2	0	0	0
0	7	4	3	0	0	0
0	7	4	4	0	0	0
0	7	4	5	0	0	0
0	7	4	6	0	0	0
0	7	4	7	0	0	0
0	7	4	8	0	0	0
0	7	4	9	0	0	0
0	7	4	a	0	0	0
0	7	4	b	0	0	0
0	7	4	c	0	0	0
0	7	4	d	0	0	0
0	7	4	e	0	0	0
0	7	4	f	0	0	0
0	7	4	10	0	0	0
0	7	4	11	0	0	0
0	7	4	12	0	0	0
0	7	4	13	0	0	0
0	7	4	14	0	0	0
0	7	4	15	0	0	0
0	7	4	16	0	0	0
0	7	4	17	0	0	0
0	7	4	18	0	0	0
0	7	4	19	0	0	0
0	7	4	1a	0	0	0
0	7	4	1b	0	0	0
0	7	4	1c	0	0	0
0	7	4	1d	0	0	0
0	7	4	1e	0	0	0
0	7	4	1f	0	0	0
0	7	5	0	0	0	0
0	7	5	1	0	0	0
0	7	5	2	0	0	0
0	7	5	3	0	0	0
0	7	5	4	0	0	0
0	7	5	5	0	0	0
0	7	5	6	0	0	0
0	7	5	7	0	0	0
0	7	5	8	0	0	0
0	7	5	9	0	0	0
0	7	5	a	0	0	0
0	7	5	b	0	0	0
0	7	5	c	0	0	0
0	7	5	d	0	0	0
0	7	5	e	0	0	0
0	7	5	f	0	0	0
0	7	5	10	0	0	0
0	7	5	11	0	0	0
0	7	5	12	0	0	0
0	7	5	13	0	0	0
0	7	5	14	0	0	0
0	7	5	15	0	0	0
0	7	5	16	0	0	0
0	7	5	17	0	0	0
0	7	5	18	0	0	0
0	7	5	19	0	0	0
0	7	5	1a	0	0	0
0	7	5	1b	0	0	0
0	7	5	1c	0	0	0
0	7	5	1d	0	0	0
0	7	5	1e	0	0	0
0	7	5	1f	0	0	0
0	7	6	0	0	0	0
0	7	6	1	0	0	0
0	7	6	2	0	0	0
0	7	6	3	0	0	0
0	7	6	4	0	0	0
0	7	6	5	0	0	0
0	7	6	6	0	0	0
0	7	6	7	0	0	0
0	7	6	8	0	0	0
0	7	6	9	0	0	0
0	7	6	a	0	0	0
0	7	6	b	0	0	0
0	7	6	c	0	0	0
0	7	6	d	0	0	0
0	7	6	e	0	0	0
0	7	6	f	0	0	0
0	7	6	10	0	0	0
0	7	6	11	0	0	0
0	7	6	12	0	0	0
0	7	6	13	0	0	0
0	7	6	14	0	0	0
0	7	6	15	0	0	0
0	7	6	16	0	0	0
0	7	6	17	0	0	0
0	7	6	18	0	0	0
0	7	6	19	0	0	0
0	7	6	1a	0	0	0
0	7	6	1b	0	0	0
0	7	6	1c	0	0	0
0	7	6	1d	0	0	0
0	7	6	1e	0	0	0
0	7	6	1f	0	0	0
0	8	0	0	0	0	0
0	8	0	1	0	0	0
0	8	0	2	0	0	0
0	8	0	3	0	0	0
0	8	0	4	0	0	0
0	8	0	5	0	0	0
0	8	0	6	0	0	0
0	8	0	7	0	0	0
0	8	0	8	0	0	0
0	8	0	9	0	0	0
0	8	0	a	0	0	0
0	8	0	b	2e	0	2e
0	8	0	c	0	0	0
0	8	0	d	0	0	0
0	8	0	e	0	0	0
0	8	0	f	0	0	0
0	8	0	10	0	0	0
0	8	0	11	0	0	0
0	8	0	12	0	0	0
0	8	0	13	0	0	0
0	8	0	14	0	0	0
0	8	0	15	0	0	0
0	8	0	16	0	0	0
0	8	0	17	0	0	0
0	8	0	18	0	0	0
0	8	0	19	0	0	0
0	8	0	1a	0	0	0
0	8	0	1b	0	0	0
0	8	0	1c	0	0	0
0	8	0	1d	0	0	0
0	8	0	1e	0	0	0
0	8	0	1f	0	0	0
0	8	1	0	0	0	0
0	8	1	1	0	0	0
0	8	1	2	0	0	0
0	8	1	3	0	0	0
0	8	1	4	0	0	0
0	8	1	5	0	0	0
0	8	1	6	0	0	0
0	8	1	7	0	0	0
0	8	1	8	0	0	0
0	8	1	9	0	0	0
0	8	1	a	0	0	0
0	8	1	b	3f	0	3f
0	8	1	c	0	0	0
0	8	1	d	0	0	0
0	8	1	e	0	0	0
0	8	1	f	0	0	0
0	8	1	10	0	0	0
0	8	1	11	0	0	0
0	8	1	12	0	0	0
0	8	1	13	0	0	0
0	8	1	14	0	0	0
0	8	1	15	0	0	0
0	8	1	16	0	0	0
0	8	1	17	0	0	0
0	8	1	18	0	0	0
0	8	1	19	0	0	0
0	8	1	1a	0	0	0
0	8	1	1b	0	0	0
0	8	1	1c	0	0	0
0	8	1	1d	0	0	0
0	8	1	1e	0	0	0
0	8	1	1f	0	0	0
0	8	2	0	0	0	0
0	8	2	1	0	0	0
0	8	2	2	0	0	0
0	8	2	3	0	0	0
0	8	2	4	0	0	0
0	8	2	5	0	0	0
0	8	2	6	0	0	0
0	8	2	7	0	0	0
0	8	2	8	0	0	0
0	8	2	9	0	0	0
0	8	2	a	0	0	0
0	8	2	b	b	0	b
0	8	2	c	0	0	0
0	8	2	d	0	0	0
0	8	2	e	0	0	0
0	8	2	f	0	0	0
0	8	2	10	0	0	0
0	8	2	11	0	0	0
0	8	2	12	0	0	0
0	8	2	13	0	0	0
0	8	2	14	0	0	0
0	8	2	15	0	0	0
0	8	2	16	0	0	0
0	8	2	17	0	0	0
0	8	2	18	0	0	0
0	8	2	19	0	0	0
0	8	2	1a	0	0	0
0	8	2	1b	0	0	0
0	8	2	1c	0	0	0
0	8	2	1d	0	0	0
0	8	2	1e	0	0	0
0	8	2	1f	0	0	0
0	8	3	0	0	0	0
0	8	3	1	0	0	0
0	8	3	2	0	0	0
0	8	3	3	0	0	0
0	8	3	4	0	0	0
0	8	3	5	0	0	0
0	8	3	6	0	0	0
0	8	3	7	0	0	0
0	8	3	8	0	0	0
0	8	3	9	0	0	0
0	8	3	a	0	0	0
0	8	3	b	1e	0	1e
0	8	3	c	0	0	0
0	8	3	d	0	0	0
0	8	3	e	0	0	0
0	8	3	f	0	0	0
0	8	3	10	0	0	0
0	8	3	11	0	0	0
0	8	3	12	0	0	0
0	8	3	13	0	0	0
0	8	3	14	0	0	0
0	8	3	15	0	0	0
0	8	3	16	0	0	0
0	8	3	17	0	0	0
0	8	3	18	0	0	0
0	8	3	19	0	0	0
0	8	3	1a	0	0	0
0	8	3	1b	0	0	0
0	8	3	1c	0	0	0
0	8	3	1d	0	0	0
0	8	3	1e	0	0	0
0	8	3	1f	0	0	0
0	8	4	0	0	0	0
0	8	4	1	0	0	0
0	8	4	2	0	0	0
0	8	4	3	0	0	0
0	8	4	4	0	0	0
0	8	4	5	0	0	0
0	8	4	6	0	0	0
0	8	4	7	0	0	0
0	8	4	8	0	0	0
0	8	4	9	0	0	0
0	8	4	a	0	0	0
0	8	4	b	0	0	0
0	8	4	c	0	0	0
0	8	4	d	0	0	0
0	8	4	e	0	0	0
0	8	4	f	0	0	0
0	8	4	10	0	0	0
0	8	4	11	0	0	0
0	8	4	12	0	0	0
0	8	4	13	0	0	0
0	8	4	14	0	0	0
0	8	4	15	0	0	0
0	8	4	16	0	0	0
0	8	4	17	0	0	0
0	8	4	18	0	0	0
0	8	4	19	0	0	0
0	8	4	1a	0	0	0
0	8	4	1b	0	0	0
0	8	4	1c	0	0	0
0	8	4	1d	0	0	0
0	8	4	1e	0	0	0
0	8	4	1f	0	0	0
0	8	5	0	0	0	0
0	8	5	1	0	0	0
0	8	5	2	0	0	0
0	8	5	3	0	0	0
0	8	5	4	0	0	0
0	8	5	5	0	0	0
0	8	5	6	0	0	0
0	8	5	7	0	0	0
0	8	5	8	0	0	0
0	8	5	9	0	0	0
0	8	5	a	0	0	0
0	8	5	b	0	0	0
0	8	5	c	0	0	0
0	8	5	d	0	0	0
0	8	5	e	0	0	0
0	8	5	f	0	0	0
0	8	5	10	0	0	0
0	8	5	11	0	0	0
0	8	5	12	0	0	0
0	8	5	13	0	0	0
0	8	5	14	0	0	0
0	8	5	15	0	0	0
0	8	5	16	0	0	0
0	8	5	17	0	0	0
0	8	5	18	0	0	0
0	8	5	19	0	0	0
0	8	5	1a	0	0	0
0	8	5	1b	0	0	0
0	8	5	1c	0	0	0
0	8	5	1d	0	0	0
0	8	5	1e	0	0	0
0	8	5	1f	0	0	0
0	8	6	0	0	0	0
0	8	6	1	0	0	0
0	8	6	2	0	0	0
0	8	6	3	0	0	0
0	8	6	4	0	0	0
0	8	6	5	0	0	0
0	8	6	6	0	0	0
0	8	6	7	0	0	0
0	8	6	8	0	0	0
0	8	6	9	0	0	0
0	8	6	a	0	0	0
0	8	6	b	0	0	0
0	8	6	c	0	0	0
0	8	6	d	0	0	0
0	8	6	e	0	0	0
0	8	6	f	0	0	0
0	8	6	10	0	0	0
0	8	6	11	0	0	0
0	8	6	12	0	0	0
0	8	6	13	0	0	0
0	8	6	14	0	0	0
0	8	6	15	0	0	0
0	8	6	16	0	0	0
0	8	6	17	0	0	0
0	8	6	18	0	0	0
0	8	6	19	0	0	0
0	8	6	1a	0	0	0
0	8	6	1b	0	0	0
0	8	6	1c	0	0	0
0	8	6	1d	0	0	0
0	8	6	1e	0	0	0
0	8	6	1f	0	0	0
0	9	0	0	0	0	0
0	9	0	1	0	0	0
0	9	0	2	0	0	0
0	9	0	3	0	0	0
0	9	0	4	0	0	0
0	9	0	5	0	0	0
0	9	0	6	0	0	0
0	9	0	7	0	0	0
0	9	0	8	0	0	0
0	9	0	9	0	0	0
0	9	0	a	0	0	0
0	9	0	b	2e	0	2e
0	9	0	c	0	0	0
0	9	0	d	0	0	0
0	9	0	e	0	0	0
0	9	0	f	0	0	0
0	9	0	10	0	0	0
0	9	0	11	0	0	0
0	9	0	12	0	0	0
0	9	0	13	0	0	0
0	9	0	14	0	0	0
0	9	0	15	0	0	0
0	9	0	16	0	0	0
0	9	0	17	0	0	0
0	9	0	18	0	0	0
0	9	0	19	0	0	0
0	9	0	1a	0	0	0
0	9	0	1b	0	0	0
0	9	0	1c	0	0	0
0	9	0	1d	0	0	0
0	9	0	1e	0	0	0
0	9	0	1f	0	0	0
0	9	1	0	0	0	0
0	9	1	1	0	0	0
0	9	1	2	0	0	0
0	9	1	3	0	0	0
0	9	1	4	0	0	0
0	9	1	5	0	0	0
0	9	1	6	0	0	0
0	9	1	7	0	0	0
0	9	1	8	0	0	0
0	9	1	9	0	0	0
0	9	1	a	0	0	0
0	9	1	b	3f	0	3f
0	9	1	c	0	0	0
0	9	1	d	0	0	0
0	9	1	e	0	0	0
0	9	1	f	0	0	0
0	9	1	10	0	0	0
0	9	1	11	0	0	0
0	9	1	12	0	0	0
0	9	1	13	0	0	0
0	9	1	14	0	0	0
0	9	1	15	0	0	0
0	9	1	16	0	0	0
0	9	1	17	0	0	0
0	9	1	18	0	0	0
0	9	1	19	0	0	0
0	9	1	1a	0	0	0
0	9	1	1b	0	0	0
0	9	1	1c	0	0	0
0	9	1	1d	0	0	0
0	9	1	1e	0	0	0
0	9	1	1f	0	0	0
0	9	2	0	0	0	0
0	9	2	1	0	0	0
0	9	2	2	0	0	0
0	9	2	3	0	0	0
0	9	2	4	0	0	0
0	9	2	5	0	0	0
0	9	2	6	0	0	0
0	9	2	7	0	0	0
0	9	2	8	0	0	0
0	9	2	9	0	0	0
0	9	2	a	0	0	0
0	9	2	b	b	0	b
0	9	2	c	0	0	0
0	9	2	d	0	0	0
0	9	2	e	0	0	0
0	9	2	f	0	0	0
0	9	2	10	0	0	0
0	9	2	11	0	0	0
0	9	2	12	0	0	0
0	9	2	13	0	0	0
0	9	2	14	0	0	0
0	9	2	15	0	0	0
0	9	2	16	0	0	0
0	9	2	17	0	0	0
0	9	2	18	0	0	0
0	9	2	19	0	0	0
0	9	2	1a	0	0	0
0	9	2	1b	0	0	0
0	9	2	1c	0	0	0
0	9	2	1d	0	0	0
0	9	2	1e	0	0	0
0	9	2	1f	0	0	0
0	9	3	0	0	0	0
0	9	3	1	0	0	0
0	9	3	2	0	0	0
0	9	3	3	0	0	0
0	9	3	4	0	0	0
0	9	3	5	0	0	0
0	9	3	6	0	0	0
0	9	3	7	0	0	0
0	9	3	8	0	0	0
0	9	3	9	0	0	0
0	9	3	a	0	0	0
0	9	3	b	1e	0	1e
0	9	3	c	0	0	0
0	9	3	d	0	0	0
0	9	3	e	0	0	0
0	9	3	f	0	0	0
0	9	3	10	0	0	0
0	9	3	11	0	0	0
0	9	3	12	0	0	0
0	9	3	13	0	0	0
0	9	3	14	0	0	0
0	9	3	15	0	0	0
0	9	3	16	0	0	0
0	9	3	17	0	0	0
0	9	3	18	0	0	0
0	9	3	19	0	0	0
0	9	3	1a	0	0	0
0	9	3	1b	0	0	0
0	9	3	1c	0	0	0
0	9	3	1d	0	0	0
0	9	3	1e	0	0	0
0	9	3	1f	0	0	0
0	9	4	0	0	0	0
0	9	4	1	0	0	0
0	9	4	2	0	0	0
0	9	4	3	0	0	0
0	9	4	4	0	0	0
0	9	4	5	0	0	0
0	9	4	6	0	0	0
0	9	4	7	0	0	0
0	9	4	8	0	0	0
0	9	4	9	0	0	0
0	9	4	a	0	0	0
0	9	4	b	0	0	0
0	9	4	c	0	0	0
0	9	4	d	0	0	0
0	9	4	e	0	0	0
0	9	4	f	0	0	0
0	9	4	10	0	0	0
0	9	4	11	0	0	0
0	9	4	12	0	0	0
0	9	4	13	0	0	0
0	9	4	14	0	0	0
0	9	4	15	0	0	0
0	9	4	16	0	0	0
0	9	4	17	0	0	0
0	9	4	18	0	0	0
0	9	4	19	0	0	0
0	9	4	1a	0	0	0
0	9	4	1b	0	0	0
0	9	4	1c	0	0	0
0	9	4	1d	0	0	0
0	9	4	1e	0	0	0
0	9	4	1f	0	0	0
0	9	5	0	0	0	0
0	9	5	1	0	0	0
0	9	5	2	0	0	0
0	9	5	3	0	0	0
0	9	5	4	0	0	0
0	9	5	5	0	0	0
0	9	5	6	0	0	0
0	9	5	7	0	0	0
0	9	5	8	0	0	0
0	9	5	9	0	0	0
0	9	5	a	0	0	0
0	9	5	b	0	0	0
0	9	5	c	0	0	0
0	9	5	d	0	0	0
0	9	5	e	0	0	0
0	9	5	f	0	0	0
0	9	5	10	0	0	0
0	9	5	11	0	0	0
0	9	5	12	0	0	0
0	9	5	13	0	0	0
0	9	5	14	0	0	0
0	9	5	15	0	0	0
0	9	5	16	0	0	0
0	9	5	17	0	0	0
0	9	5	18	0	0	0
0	9	5	19	0	0	0
0	9	5	1a	0	0	0
0	9	5	1b	0	0	0
0	9	5	1c	0	0	0
0	9	5	1d	0	0	0
0	9	5	1e	0	0	0
0	9	5	1f	0	0	0
0	9	6	0	0	0	0
0	9	6	1	0	0	0
0	9	6	2	0	0	0
0	9	6	3	0	0	0
0	9	6	4	0	0	0
0	9	6	5	0	0	0
0	9	6	6	0	0	0
0	9	6	7	0	0	0
0	9	6	8	0	0	0
0	9	6	9	0	0	0
0	9	6	a	0	0	0
0	9	6	b	0	0	0
0	9	6	c	0	0	0
0	9	6	d	0	0	0
0	9	6	e	0	0	0
0	9	6	f	0	0	0
0	9	6	10	0	0	0
0	9	6	11	0	0	0
0	9	6	12	0	0	0
0	9	6	13	0	0	0
0	9	6	14	0	0	0
0	9	6	15	0	0	0
0	9	6	16	0	0	0
0	9	6	17	0	0	0
0	9	6	18	0	0	0
0	9	6	19	0	0	0
0	9	6	1a	0	0	0
0	9	6	1b	0	0	0
0	9	6	1c	0	0	0
0	9	6	1d	0	0	0
0	9	6	1e	0	0	0
0	9	6	1f	0	0	0
0	a	0	0	0	0	0
0	a	0	1	0	0	0
0	a	0	2	0	0	0
0	a	0	3	0	0	0
0	a	0	4	0	0	0
0	a	0	5	0	0	0
0	a	0	6	0	0	0
0	a	0	7	0	0	0
0	a	0	8	0	0	0
0	a	0	9	0	0	0
0	a	0	a	0	0	0
0	a	0	b	2e	0	2e
0	a	0	c	0	0	0
0	a	0	d	0	0	0
0	a	0	e	0	0	0
0	a	0	f	0	0	0
0	a	0	10	0	0	0
0	a	0	11	0	0	0
0	a	0	12	0	0	0
0	a	0	13	0	0	0
0	a	0	14	0	0	0
0	a	0	15	0	0	0
0	a	0	16	0	0	0
0	a	0	17	0	0	0
0	a	0	18	0	0	0
0	a	0	19	0	0	0
0	a	0	1a	0	0	0
0	a	0	1b	0	0	0
0	a	0	1c	0	0	0
0	a	0	1d	0	0	0
0	a	0	1e	0	0	0
0	a	0	1f	0	0	0
0	a	1	0	0	0	0
0	a	1	1	0	0	0
0	a	1	2	0	0	0
0	a	1	3	0	0	0
0	a	1	4	0	0	0
0	a	1	5	0	0	0
0	a	1	6	0	0	0
0	a	1	7	0	0	0
0	a	1	8	0	0	0
0	a	1	9	0	0	0
0	a	1	a	0	0	0
0	a	1	b	3f	0	3f
0	a	1	c	0	0	0
0	a	1	d	0	0	0
0	a	1	e	0	0	0
0	a	1	f	0	0	0
0	a	1	10	0	0	0
0	a	1	11	0	0	0
0	a	1	12	0	0	0
0	a	1	13	0	0	0
0	a	1	14	0	0	0
0	a	1	15	0	0	0
0	a	1	16	0	0	0
0	a	1	17	0	0	0
0	a	1	18	0	0	0
0	a	1	19	0	0	0
0	a	1	1a	0	0	0
0	a	1	1b	0	0	0
0	a	1	1c	0	0	0
0	a	1	1d	0	0	0
0	a	1	1e	0	0	0
0	a	1	1f	0	0	0
0	a	2	0	0	0	0
0	a	2	1	0	0	0
0	a	2	2	0	0	0
0	a	2	3	0	0	0
0	a	2	4	0	0	0
0	a	2	5	0	0	0
0	a	2	6	0	0	0
0	a	2	7	0	0	0
0	a	2	8	0	0	0
0	a	2	9	0	0	0
0	a	2	a	0	0	0
0	a	2	b	b	0	b
0	a	2	c	0	0	0
0	a	2	d	0	0	0
0	a	2	e	0	0	0
0	a	2	f	0	0	0
0	a	2	10	0	0	0
0	a	2	11	0	0	0
0	a	2	12	0	0	0
0	a	2	13	0	0	0
0	a	2	14	0	0	0
0	a	2	15	0	0	0
0	a	2	16	0	0	0
0	a	2	17	0	0	0
0	a	2	18	0	0	0
0	a	2	19	0	0	0
0	a	2	1a	0	0	0
0	a	2	1b	0	0	0
0	a	2	1c	0	0	0
0	a	2	1d	0	0	0
0	a	2	1e	0	0	0
0	a	2	1f	0	0	0
0	a	3	0	0	0	0
0	a	3	1	0	0	0
0	a	3	2	0	0	0
0	a	3	3	0	0	0
0	a	3	4	0	0	0
0	a	3	5	0	0	0
0	a	3	6	0	0	0
0	a	3	7	0	0	0
0	a	3	8	0	0	0
0	a	3	9	0	0	0
0	a	3	a	0	0	0
0	a	3	b	1e	0	1e
0	a	3	c	0	0	0
0	a	3	d	0	0	0
0	a	3	e	0	0	0
0	a	3	f	0	0	0
0	a	3	10	0	0	0
0	a	3	11	0	0	0
0	a	3	12	0	0	0
0	a	3	13	0	0	0
0	a	3	14	0	0	0
0	a	3	15	0	0	0
0	a	3	16	0	0	0
0	a	3	17	0	0	0
0	a	3	18	0	0	0
0	a	3	19	0	0	0
0	a	3	1a	0	0	0
0	a	3	1b	0	0	0
0	a	3	1c	0	0	0
0	a	3	1d	0	0	0
0	a	3	1e	0	0	0
0	a	3	1f	0	0	0
0	a	4	0	0	0	0
0	a	4	1	0	0	0
0	a	4	2	0	0	0
0	a	4	3	0	0	0
0	a	4	4	0	0	0
0	a	4	5	0	0	0
0	a	4	6	0	0	0
0	a	4	7	0	0	0
0	a	4	8	0	0	0
0	a	4	9	0	0	0
0	a	4	a	0	0	0
0	a	4	b	0	0	0
0	a	4	c	0	0	0
0	a	4	d	0	0	0
0	a	4	e	0	0	0
0	a	4	f	0	0	0
0	a	4	10	0	0	0
0	a	4	11	0	0	0
0	a	4	12	0	0	0
0	a	4	13	0	0	0
0	a	4	14	0	0	0
0	a	4	15	0	0	0
0	a	4	16	0	0	0
0	a	4	17	0	0	0
0	a	4	18	0	0	0
0	a	4	19	0	0	0
0	a	4	1a	0	0	0
0	a	4	1b	0	0	0
0	a	4	1c	0	0	0
0	a	4	1d	0	0	0
0	a	4	1e	0	0	0
0	a	4	1f	0	0	0
0	a	5	0	0	0	0
0	a	5	1	0	0	0
0	a	5	2	0	0	0
0	a	5	3	0	0	0
0	a	5	4	0	0	0
0	a	5	5	0	0	0
0	a	5	6	0	0	0
0	a	5	7	0	0	0
0	a	5	8	0	0	0
0	a	5	9	0	0	0
0	a	5	a	0	0	0
0	a	5	b	0	0	0
0	a	5	c	0	0	0
0	a	5	d	0	0	0
0	a	5	e	0	0	0
0	a	5	f	0	0	0
0	a	5	10	0	0	0
0	a	5	11	0	0	0
0	a	5	12	0	0	0
0	a	5	13	0	0	0
0	a	5	14	0	0	0
0	a	5	15	0	0	0
0	a	5	16	0	0	0
0	a	5	17	0	0	0
0	a	5	18	0	0	0
0	a	5	19	0	0	0
0	a	5	1a	0	0	0
0	a	5	1b	0	0	0
0	a	5	1c	0	0	0
0	a	5	1d	0	0	0
0	a	5	1e	0	0	0
0	a	5	1f	0	0	0
0	a	6	0	0	0	0
0	a	6	1	0	0	0
0	a	6	2	0	0	0
0	a	6	3	0	0	0
0	a	6	4	0	0	0
0	a	6	5	0	0	0
0	a	6	6	0	0	0
0	a	6	7	0	0	0
0	a	6	8	0	0	0
0	a	6	9	0	0	0
0	a	6	a	0	0	0
0	a	6	b	0	0	0
0	a	6	c	0	0	0
0	a	6	d	0	0	0
0	a	6	e	0	0	0
0	a	6	f	0	0	0
0	a	6	10	0	0	0
0	a	6	11	0	0	0
0	a	6	12	0	0	0
0	a	6	13	0	0	0
0	a	6	14	0	0	0
0	a	6	15	0	0	0
0	a	6	16	0	0	0
0	a	6	17	0	0	0
0	a	6	18	0	0	0
0	a	6	19	0	0	0
0	a	6	1a	0	0	0
0	a	6	1b	0	0	0
0	a	6	1c	0	0	0
0	a	6	1d	0	0	0
0	a	6	1e	0	0	0
0	a	6	1f	0	0	0
0	b	0	0	0	0	0
0	b	0	1	0	0	0
0	b	0	2	0	0	0
0	b	0	3	0	0	0
0	b	0	4	0	0	0
0	b	0	5	0	0	0
0	b	0	6	0	0	0
0	b	0	7	0	0	0
0	b	0	8	0	0	0
0	b	0	9	0	0	0
0	b	0	a	0	0	0
0	b	0	b	2e	0	2e
0	b	0	c	0	0	0
0	b	0	d	0	0	0
0	b	0	e	0	0	0
0	b	0	f	0	0	0
0	b	0	10	0	0	0
0	b	0	11	0	0	0
0	b	0	12	0	0	0
0	b	0	13	0	0	0
0	b	0	14	0	0	0
0	b	0	15	0	0	0
0	b	0	16	0	0	0
0	b	0	17	0	0	0
0	b	0	18	0	0	0
0	b	0	19	0	0	0
0	b	0	1a	0	0	0
0	b	0	1b	0	0	0
0	b	0	1c	0	0	0
0	b	0	1d	0	0	0
0	b	0	1e	0	0	0
0	b	0	1f	0	0	0
0	b	1	0	0	0	0
0	b	1	1	0	0	0
0	b	1	2	0	0	0
0	b	1	3	0	0	0
0	b	1	4	0	0	0
0	b	1	5	0	0	0
0	b	1	6	0	0	0
0	b	1	7	0	0	0
0	b	1	8	0	0	0
0	b	1	9	0	0	0
0	b	1	a	0	0	0
0	b	1	b	3f	0	3f
0	b	1	c	0	0	0
0	b	1	d	0	0	0
0	b	1	e	0	0	0
0	b	1	f	0	0	0
0	b	1	10	0	0	0
0	b	1	11	0	0	0
0	b	1	12	0	0	0
0	b	1	13	0	0	0
0	b	1	14	0	0	0
0	b	1	15	0	0	0
0	b	1	16	0	0	0
0	b	1	17	0	0	0
0	b	1	18	0	0	0
0	b	1	19	0	0	0
0	b	1	1a	0	0	0
0	b	1	1b	0	0	0
0	b	1	1c	0	0	0
0	b	1	1d	0	0	0
0	b	1	1e	0	0	0
0	b	1	1f	0	0	0
0	b	2	0	0	0	0
0	b	2	1	0	0	0
0	b	2	2	0	0	0
0	b	2	3	0	0	0
0	b	2	4	0	0	0
0	b	2	5	0	0	0
0	b	2	6	0	0	0
0	b	2	7	0	0	0
0	b	2	8	0	0	0
0	b	2	9	0	0	0
0	b	2	a	0	0	0
0	b	2	b	b	0	b
0	b	2	c	0	0	0
0	b	2	d	0	0	0
0	b	2	e	0	0	0
0	b	2	f	0	0	0
0	b	2	10	0	0	0
0	b	2	11	0	0	0
0	b	2	12	0	0	0
0	b	2	13	0	0	0
0	b	2	14	0	0	0
0	b	2	15	0	0	0
0	b	2	16	0	0	0
0	b	2	17	0	0	0
0	b	2	18	0	0	0
0	b	2	19	0	0	0
0	b	2	1a	0	0	0
0	b	2	1b	0	0	0
0	b	2	1c	0	0	0
0	b	2	1d	0	0	0
0	b	2	1e	0	0	0
0	b	2	1f	0	0	0
0	b	3	0	0	0	0
0	b	3	1	0	0	0
0	b	3	2	0	0	0
0	b	3	3	0	0	0
0	b	3	4	0	0	0
0	b	3	5	0	0	0
0	b	3	6	0	0	0
0	b	3	7	0	0	0
0	b	3	8	0	0	0
0	b	3	9	0	0	0
0	b	3	a	0	0	0
0	b	3	b	1e	0	1e
0	b	3	c	0	0	0
0	b	3	d	0	0	0
0	b	3	e	0	0	0
0	b	3	f	0	0	0
0	b	3	10	0	0	0
0	b	3	11	0	0	0
0	b	3	12	0	0	0
0	b	3	13	0	0	0
0	b	3	14	0	0	0
0	b	3	15	0	0	0
0	b	3	16	0	0	0
0	b	3	17	0	0	0
0	b	3	18	0	0	0
0	b	3	19	0	0	0
0	b	3	1a	0	0	0
0	b	3	1b	0	0	0
0	b	3	1c	0	0	0
0	b	3	1d	0	0	0
0	b	3	1e	0	0	0
0	b	3	1f	0	0	0
0	b	4	0	0	0	0
0	b	4	1	0	0	0
0	b	4	2	0	0	0
0	b	4	3	0	0	0
0	b	4	4	0	0	0
0	b	4	5	0	0	0
0	b	4	6	0	0	0
0	b	4	7	0	0	0
0	b	4	8	0	0	0
0	b	4	9	0	0	0
0	b	4	a	0	0	0
0	b	4	b	0	0	0
0	b	4	c	0	0	0
0	b	4	d	0	0	0
0	b	4	e	0	0	0
0	b	4	f	0	0	0
0	b	4	10	0	0	0
0	b	4	11	0	0	0
0	b	4	12	0	0	0
0	b	4	13	0	0	0
0	b	4	14	0	0	0
0	b	4	15	0	0	0
0	b	4	16	0	0	0
0	b	4	17	0	0	0
0	b	4	18	0	0	0
0	b	4	19	0	0	0
0	b	4	1a	0	0	0
0	b	4	1b	0	0	0
0	b	4	1c	0	0	0
0	b	4	1d	0	0	0
0	b	4	1e	0	0	0
0	b	4	1f	0	0	0
0	b	5	0	0	0	0
0	b	5	1	0	0	0
0	b	5	2	0	0	0
0	b	5	3	0	0	0
0	b	5	4	0	0	0
0	b	5	5	0	0	0
0	b	5	6	0	0	0
0	b	5	7	0	0	0
0	b	5	8	0	0	0
0	b	5	9	0	0	0
0	b	5	a	0	0	0
0	b	5	b	0	0	0
0	b	5	c	0	0	0
0	b	5	d	0	0	0
0	b	5	e	0	0	0
0	b	5	f	0	0	0
0	b	5	10	0	0	0
0	b	5	11	0	0	0
0	b	5	12	0	0	0
0	b	5	13	0	0	0
0	b	5	14	0	0	0
0	b	5	15	0	0	0
0	b	5	16	0	0	0
0	b	5	17	0	0	0
0	b	5	18	0	0	0
0	b	5	19	0	0	0
0	b	5	1a	0	0	0
0	b	5	1b	0	0	0
0	b	5	1c	0	0	0
0	b	5	1d	0	0	0
0	b	5	1e	0	0	0
0	b	5	1f	0	0	0
0	b	6	0	0	0	0
0	b	6	1	0	0	0
0	b	6	2	0	0	0
0	b	6	3	0	0	0
0	b	6	4	0	0	0
0	b	6	5	0	0	0
0	b	6	6	0	0	0
0	b	6	7	0	0	0
0	b	6	8	0	0	0
0	b	6	9	0	0	0
0	b	6	a	0	0	0
0	b	6	b	0	0	0
0	b	6	c	0	0	0
0	b	6	d	0	0	0
0	b	6	e	0	0	0
0	b	6	f	0	0	0
0	b	6	10	0	0	0
0	b	6	11	0	0	0
0	b	6	12	0	0	0
0	b	6	13	0	0	0
0	b	6	14	0	0	0
0	b	6	15	0	0	0
0	b	6	16	0	0	0
0	b	6	17	0	0	0
0	b	6	18	0	0	0
0	b	6	19	0	0	0
0	b	6	1a	0	0	0
0	b	6	1b	0	0	0
0	b	6	1c	0	0	0
0	b	6	1d	0	0	0
0	b	6	1e	0	0	0
0	b	6	1f	0	0	0
0	c	0	0	0	0	0
0	c	0	1	0	0	0
0	c	0	2	0	0	0
0	c	0	3	0	0	0
0	c	0	4	0	0	0
0	c	0	5	0	0	0
0	c	0	6	0	0	0
0	c	0	7	0	0	0
0	c	0	8	0	0	0
0	c	0	9	0	0	0
0	c	0	a	0	0	0
0	c	0	b	2e	0	2e
0	c	0	c	0	0	0
0	c	0	d	0	0	0
0	c	0	e	0	0	0
0	c	0	f	0	0	0
0	c	0	10	0	0	0
0	c	0	11	0	0	0
0	c	0	12	0	0	0
0	c	0	13	0	0	0
0	c	0	14	0	0	0
0	c	0	15	0	0	0
0	c	0	16	0	0	0
0	c	0	17	0	0	0
0	c	0	18	0	0	0
0	c	0	19	0	0	0
0	c	0	1a	0	0	0
0	c	0	1b	0	0	0
0	c	0	1c	0	0	0
0	c	0	1d	0	0	0
0	c	0	1e	0	0	0
0	c	0	1f	0	0	0
0	c	1	0	0	0	0
0	c	1	1	0	0	0
0	c	1	2	0	0	0
0	c	1	3	0	0	0
0	c	1	4	0	0	0
0	c	1	5	0	0	0
0	c	1	6	0	0	0
0	c	1	7	0	0	0
0	c	1	8	0	0	0
0	c	1	9	0	0	0
0	c	1	a	0	0	0
0	c	1	b	3f	0	3f
0	c	1	c	0	0	0
0	c	1	d	0	0	0
0	c	1	e	0	0	0
0	c	1	f	0	0	0
0	c	1	10	0	0	0
0	c	1	11	0	0	0
0	c	1	12	0	0	0
0	c	1	13	0	0	0
0	c	1	14	0	0	0
0	c	1	15	0	0	0
0	c	1	16	0	0	0
0	c	1	17	0	0	0
0	c	1	18	0	0	0
0	c	1	19	0	0	0
0	c	1	1a	0	0	0
0	c	1	1b	0	0	0
0	c	1	1c	0	0	0
0	c	1	1d	0	0	0
0	c	1	1e	0	0	0
0	c	1	1f	0	0	0
0	c	2	0	0	0	0
0	c	2	1	0	0	0
0	c	2	2	0	0	0
0	c	2	3	0	0	0
0	c	2	4	0	0	0
0	c	2	5	0	0	0
0	c	2	6	0	0	0
0	c	2	7	0	0	0
0	c	2	8	0	0	0
0	c	2	9	0	0	0
0	c	2	a	0	0	0
0	c	2	b	b	0	b
0	c	2	c	0	0	0
0	c	2	d	0	0	0
0	c	2	e	0	0	0
0	c	2	f	0	0	0
0	c	2	10	0	0	0
0	c	2	11	0	0	0
0	c	2	12	0	0	0
0	c	2	13	0	0	0
0	c	2	14	0	0	0
0	c	2	15	0	0	0
0	c	2	16	0	0	0
0	c	2	17	0	0	0
0	c	2	18	0	0	0
0	c	2	19	0	0	0
0	c	2	1a	0	0	0
0	c	2	1b	0	0	0
0	c	2	1c	0	0	0
0	c	2	1d	0	0	0
0	c	2	1e	0	0	0
0	c	2	1f	0	0	0
0	c	3	0	0	0	0
0	c	3	1	0	0	0
0	c	3	2	0	0	0
0	c	3	3	0	0	0
0	c	3	4	0	0	0
0	c	3	5	0	0	0
0	c	3	6	0	0	0
0	c	3	7	0	0	0
0	c	3	8	0	0	0
0	c	3	9	0	0	0
0	c	3	a	0	0	0
0	c	3	b	1e	0	1e
0	c	3	c	0	0	0
0	c	3	d	0	0	0
0	c	3	e	0	0	0
0	c	3	f	0	0	0
0	c	3	10	0	0	0
0	c	3	11	0	0	0
0	c	3	12	0	0	0
0	c	3	13	0	0	0
0	c	3	14	0	0	0
0	c	3	15	0	0	0
0	c	3	16	0	0	0
0	c	3	17	0	0	0
0	c	3	18	0	0	0
0	c	3	19	0	0	0
0	c	3	1a	0	0	0
0	c	3	1b	0	0	0
0	c	3	1c	0	0	0
0	c	3	1d	0	0	0
0	c	3	1e	0	0	0
0	c	3	1f	0	0	0
0	c	4	0	0	0	0
0	c	4	1	0	0	0
0	c	4	2	0	0	0
0	c	4	3	0	0	0
0	c	4	4	0	0	0
0	c	4	5	0	0	0
0	c	4	6	0	0	0
0	c	4	7	0	0	0
0	c	4	8	0	0	0
0	c	4	9	0	0	0
0	c	4	a	0	0	0
0	c	4	b	0	0	0
0	c	4	c	0	0	0
0	c	4	d	0	0	0
0	c	4	e	0	0	0
0	c	4	f	0	0	0
0	c	4	10	0	0	0
0	c	4	11	0	0	0
0	c	4	12	0	0	0
0	c	4	13	0	0	0
0	c	4	14	0	0	0
0	c	4	15	0	0	0
0	c	4	16	0	0	0
0	c	4	17	0	0	0
0	c	4	18	0	0	0
0	c	4	19	0	0	0
0	c	4	1a	0	0	0
0	c	4	1b	0	0	0
0	c	4	1c	0	0	0
0	c	4	1d	0	0	0
0	c	4	1e	0	0	0
0	c	4	1f	0	0	0
0	c	5	0	0	0	0
0	c	5	1	0	0	0
0	c	5	2	0	0	0
0	c	5	3	0	0	0
0	c	5	4	0	0	0
0	c	5	5	0	0	0
0	c	5	6	0	0	0
0	c	5	7	0	0	0
0	c	5	8	0	0	0
0	c	5	9	0	0	0
0	c	5	a	0	0	0
0	c	5	b	0	0	0
0	c	5	c	0	0	0
0	c	5	d	0	0	0
0	c	5	e	0	0	0
0	c	5	f	0	0	0
0	c	5	10	0	0	0
0	c	5	11	0	0	0
0	c	5	12	0	0	0
0	c	5	13	0	0	0
0	c	5	14	0	0	0
0	c	5	15	0	0	0
0	c	5	16	0	0	0
0	c	5	17	0	0	0
0	c	5	18	0	0	0
0	c	5	19	0	0	0
0	c	5	1a	0	0	0
0	c	5	1b	0	0	0
0	c	5	1c	0	0	0
0	c	5	1d	0	0	0
0	c	5	1e	0	0	0
0	c	5	1f	0	0	0
0	c	6	0	0	0	0
0	c	6	1	0	0	0
0	c	6	2	0	0	0
0	c	6	3	0	0	0
0	c	6	4	0	0	0
0	c	6	5	0	0	0
0	c	6	6	0	0	0
0	c	6	7	0	0	0
0	c	6	8	0	0	0
0	c	6	9	0	0	0
0	c	6	a	0	0	0
0	c	6	b	0	0	0
0	c	6	c	0	0	0
0	c	6	d	0	0	0
0	c	6	e	0	0	0
0	c	6	f	0	0	0
0	c	6	10	0	0	0
0	c	6	11	0	0	0
0	c	6	12	0	0	0
0	c	6	13	0	0	0
0	c	6	14	0	0	0
0	c	6	15	0	0	0
0	c	6	16	0	0	0
0	c	6	17	0	0	0
0	c	6	18	0	0	0
0	c	6	19	0	0	0
0	c	6	1a	0	0	0
0	c	6	1b	0	0	0
0	c	6	1c	0	0	0
0	c	6	1d	0	0	0
0	c	6	1e	0	0	0
0	c	6	1f	0	0	0
0	d	0	0	0	0	0
0	d	0	1	0	0	0
0	d	0	2	0	0	0
0	d	0	3	0	0	0
0	d	0	4	0	0	0
0	d	0	5	0	0	0
0	d	0	6	0	0	0
0	d	0	7	0	0	0
0	d	0	8	0	0	0
0	d	0	9	0	0	0
0	d	0	a	0	0	0
0	d	0	b	2e	0	2e
0	d	0	c	0	0	0
0	d	0	d	0	0	0
0	d	0	e	0	0	0
0	d	0	f	0	0	0
0	d	0	10	0	0	0
0	d	0	11	0	0	0
0	d	0	12	0	0	0
0	d	0	13	0	0	0
0	d	0	14	0	0	0
0	d	0	15	0	0	0
0	d	0	16	0	0	0
0	d	0	17	0	0	0
0	d	0	18	0	0	0
0	d	0	19	0	0	0
0	d	0	1a	0	0	0
0	d	0	1b	0	0	0
0	d	0	1c	0	0	0
0	d	0	1d	0	0	0
0	d	0	1e	0	0	0
0	d	0	1f	0	0	0
0	d	1	0	0	0	0
0	d	1	1	0	0	0
0	d	1	2	0	0	0
0	d	1	3	0	0	0
0	d	1	4	0	0	0
0	d	1	5	0	0	0
0	d	1	6	0	0	0
0	d	1	7	0	0	0
0	d	1	8	0	0	0
0	d	1	9	0	0	0
0	d	1	a	0	0	0
0	d	1	b	3f	0	3f
0	d	1	c	0	0	0
0	d	1	d	0	0	0
0	d	1	e	0	0	0
0	d	1	f	0	0	0
0	d	1	10	0	0	0
0	d	1	11	0	0	0
0	d	1	12	0	0	0
0	d	1	13	0	0	0
0	d	1	14	0	0	0
0	d	1	15	0	0	0
0	d	1	16	0	0	0
0	d	1	17	0	0	0
0	d	1	18	0	0	0
0	d	1	19	0	0	0
0	d	1	1a	0	0	0
0	d	1	1b	0	0	0
0	d	1	1c	0	0	0
0	d	1	1d	0	0	0
0	d	1	1e	0	0	0
0	d	1	1f	0	0	0
0	d	2	0	0	0	0
0	d	2	1	0	0	0
0	d	2	2	0	0	0
0	d	2	3	0	0	0
0	d	2	4	0	0	0
0	d	2	5	0	0	0
0	d	2	6	0	0	0
0	d	2	7	0	0	0
0	d	2	8	0	0	0
0	d	2	9	0	0	0
0	d	2	a	0	0	0
0	d	2	b	b	0	b
0	d	2	c	0	0	0
0	d	2	d	0	0	0
0	d	2	e	0	0	0
0	d	2	f	0	0	0
0	d	2	10	0	0	0
0	d	2	11	0	0	0
0	d	2	12	0	0	0
0	d	2	13	0	0	0
0	d	2	14	0	0	0
0	d	2	15	0	0	0
0	d	2	16	0	0	0
0	d	2	17	0	0	0
0	d	2	18	0	0	0
0	d	2	19	0	0	0
0	d	2	1a	0	0	0
0	d	2	1b	0	0	0
0	d	2	1c	0	0	0
0	d	2	1d	0	0	0
0	d	2	1e	0	0	0
0	d	2	1f	0	0	0
0	d	3	0	0	0	0
0	d	3	1	0	0	0
0	d	3	2	0	0	0
0	d	3	3	0	0	0
0	d	3	4	0	0	0
0	d	3	5	0	0	0
0	d	3	6	0	0	0
0	d	3	7	0	0	0
0	d	3	8	0	0	0
0	d	3	9	0	0	0
0	d	3	a	0	0	0
0	d	3	b	1e	0	1e
0	d	3	c	0	0	0
0	d	3	d	0	0	0
0	d	3	e	0	0	0
0	d	3	f	0	0	0
0	d	3	10	0	0	0
0	d	3	11	0	0	0
0	d	3	12	0	0	0
0	d	3	13	0	0	0
0	d	3	14	0	0	0
0	d	3	15	0	0	0
0	d	3	16	0	0	0
0	d	3	17	0	0	0
0	d	3	18	0	0	0
0	d	3	19	0	0	0
0	d	3	1a	0	0	0
0	d	3	1b	0	0	0
0	d	3	1c	0	0	0
0	d	3	1d	0	0	0
0	d	3	1e	0	0	0
0	d	3	1f	0	0	0
0	d	4	0	0	0	0
0	d	4	1	0	0	0
0	d	4	2	0	0	0
0	d	4	3	0	0	0
0	d	4	4	0	0	0
0	d	4	5	0	0	0
0	d	4	6	0	0	0
0	d	4	7	0	0	0
0	d	4	8	0	0	0
0	d	4	9	0	0	0
0	d	4	a	0	0	0
0	d	4	b	0	0	0
0	d	4	c	0	0	0
0	d	4	d	0	0	0
0	d	4	e	0	0	0
0	d	4	f	0	0	0
0	d	4	10	0	0	0
0	d	4	11	0	0	0
0	d	4	12	0	0	0
0	d	4	13	0	0	0
0	d	4	14	0	0	0
0	d	4	15	0	0	0
0	d	4	16	0	0	0
0	d	4	17	0	0	0
0	d	4	18	0	0	0
0	d	4	19	0	0	0
0	d	4	1a	0	0	0
0	d	4	1b	0	0	0
0	d	4	1c	0	0	0
0	d	4	1d	0	0	0
0	d	4	1e	0	0	0
0	d	4	1f	0	0	0
0	d	5	0	0	0	0
0	d	5	1	0	0	0
0	d	5	2	0	0	0
0	d	5	3	0	0	0
0	d	5	4	0	0	0
0	d	5	5	0	0	0
0	d	5	6	0	0	0
0	d	5	7	0	0	0
0	d	5	8	0	0	0
0	d	5	9	0	0	0
0	d	5	a	0	0	0
0	d	5	b	0	0	0
0	d	5	c	0	0	0
0	d	5	d	0	0	0
0	d	5	e	0	0	0
0	d	5	f	0	0	0
0	d	5	10	0	0	0
0	d	5	11	0	0	0
0	d	5	12	0	0	0
0	d	5	13	0	0	0
0	d	5	14	0	0	0
0	d	5	15	0	0	0
0	d	5	16	0	0	0
0	d	5	17	0	0	0
0	d	5	18	0	0	0
0	d	5	19	0	0	0
0	d	5	1a	0	0	0
0	d	5	1b	0	0	0
0	d	5	1c	0	0	0
0	d	5	1d	0	0	0
0	d	5	1e	0	0	0
0	d	5	1f	0	0	0
0	d	6	0	0	0	0
0	d	6	1	0	0	0
0	d	6	2	0	0	0
0	d	6	3	0	0	0
0	d	6	4	0	0	0
0	d	6	5	0	0	0
0	d	6	6	0	0	0
0	d	6	7	0	0	0
0	d	6	8	0	0	0
0	d	6	9	0	0	0
0	d	6	a	0	0	0
0	d	6	b	0	0	0
0	d	6	c	0	0	0
0	d	6	d	0	0	0
0	d	6	e	0	0	0
0	d	6	f	0	0	0
0	d	6	10	0	0	0
0	d	6	11	0	0	0
0	d	6	12	0	0	0
0	d	6	13	0	0	0
0	d	6	14	0	0	0
0	d	6	15	0	0	0
0	d	6	16	0	0	0
0	d	6	17	0	0	0
0	d	6	18	0	0	0
0	d	6	19	0	0	0
0	d	6	1a	0	0	0
0	d	6	1b	0	0	0
0	d	6	1c	0	0	0
0	d	6	1d	0	0	0
0	d	6	1e	0	0	0
0	d	6	1f	0	0	0
0	e	0	0	0	0	0
0	e	0	1	0	0	0
0	e	0	2	0	0	0
0	e	0	3	0	0	0
0	e	0	4	0	0	0
0	e	0	5	0	0	0
0	e	0	6	0	0	0
0	e	0	7	0	0	0
0	e	0	8	0	0	0
0	e	0	9	0	0	0
0	e	0	a	0	0	0
0	e	0	b	2e	0	2e
0	e	0	c	0	0	0
0	e	0	d	0	0	0
0	e	0	e	0	0	0
0	e	0	f	0	0	0
0	e	0	10	0	0	0
0	e	0	11	0	0	0
0	e	0	12	0	0	0
0	e	0	13	0	0	0
0	e	0	14	0	0	0
0	e	0	15	0	0	0
0	e	0	16	0	0	0
0	e	0	17	0	0	0
0	e	0	18	0	0	0
0	e	0	19	0	0	0
0	e	0	1a	0	0	0
0	e	0	1b	0	0	0
0	e	0	1c	0	0	0
0	e	0	1d	0	0	0
0	e	0	1e	0	0	0
0	e	0	1f	0	0	0
0	e	1	0	0	0	0
0	e	1	1	0	0	0
0	e	1	2	0	0	0
0	e	1	3	0	0	0
0	e	1	4	0	0	0
0	e	1	5	0	0	0
0	e	1	6	0	0	0
0	e	1	7	0	0	0
0	e	1	8	0	0	0
0	e	1	9	0	0	0
0	e	1	a	0	0	0
0	e	1	b	3f	0	3f
0	e	1	c	0	0	0
0	e	1	d	0	0	0
0	e	1	e	0	0	0
0	e	1	f	0	0	0
0	e	1	10	0	0	0
0	e	1	11	0	0	0
0	e	1	12	0	0	0
0	e	1	13	0	0	0
0	e	1	14	0	0	0
0	e	1	15	0	0	0
0	e	1	16	0	0	0
0	e	1	17	0	0	0
0	e	1	18	0	0	0
0	e	1	19	0	0	0
0	e	1	1a	0	0	0
0	e	1	1b	0	0	0
0	e	1	1c	0	0	0
0	e	1	1d	0	0	0
0	e	1	1e	0	0	0
0	e	1	1f	0	0	0
0	e	2	0	0	0	0
0	e	2	1	0	0	0
0	e	2	2	0	0	0
0	e	2	3	0	0	0
0	e	2	4	0	0	0
0	e	2	5	0	0	0
0	e	2	6	0	0	0
0	e	2	7	0	0	0
0	e	2	8	0	0	0
0	e	2	9	0	0	0
0	e	2	a	0	0	0
0	e	2	b	b	0	b
0	e	2	c	0	0	0
0	e	2	d	0	0	0
0	e	2	e	0	0	0
0	e	2	f	0	0	0
0	e	2	10	0	0	0
0	e	2	11	0	0	0
0	e	2	12	0	0	0
0	e	2	13	0	0	0
0	e	2	14	0	0	0
0	e	2	15	0	0	0
0	e	2	16	0	0	0
0	e	2	17	0	0	0
0	e	2	18	0	0	0
0	e	2	19	0	0	0
0	e	2	1a	0	0	0
0	e	2	1b	0	0	0
0	e	2	1c	0	0	0
0	e	2	1d	0	0	0
0	e	2	1e	0	0	0
0	e	2	1f	0	0	0
0	e	3	0	0	0	0
0	e	3	1	0	0	0
0	e	3	2	0	0	0
0	e	3	3	0	0	0
0	e	3	4	0	0	0
0	e	3	5	0	0	0
0	e	3	6	0	0	0
0	e	3	7	0	0	0
0	e	3	8	0	0	0
0	e	3	9	0	0	0
0	e	3	a	0	0	0
0	e	3	b	1e	0	1e
0	e	3	c	0	0	0
0	e	3	d	0	0	0
0	e	3	e	0	0	0
0	e	3	f	0	0	0
0	e	3	10	0	0	0
0	e	3	11	0	0	0
0	e	3	12	0	0	0
0	e	3	13	0	0	0
0	e	3	14	0	0	0
0	e	3	15	0	0	0
0	e	3	16	0	0	0
0	e	3	17	0	0	0
0	e	3	18	0	0	0
0	e	3	19	0	0	0
0	e	3	1a	0	0	0
0	e	3	1b	0	0	0
0	e	3	1c	0	0	0
0	e	3	1d	0	0	0
0	e	3	1e	0	0	0
0	e	3	1f	0	0	0
0	e	4	0	0	0	0
0	e	4	1	0	0	0
0	e	4	2	0	0	0
0	e	4	3	0	0	0
0	e	4	4	0	0	0
0	e	4	5	0	0	0
0	e	4	6	0	0	0
0	e	4	7	0	0	0
0	e	4	8	0	0	0
0	e	4	9	0	0	0
0	e	4	a	0	0	0
0	e	4	b	0	0	0
0	e	4	c	0	0	0
0	e	4	d	0	0	0
0	e	4	e	0	0	0
0	e	4	f	0	0	0
0	e	4	10	0	0	0
0	e	4	11	0	0	0
0	e	4	12	0	0	0
0	e	4	13	0	0	0
0	e	4	14	0	0	0
0	e	4	15	0	0	0
0	e	4	16	0	0	0
0	e	4	17	0	0	0
0	e	4	18	0	0	0
0	e	4	19	0	0	0
0	e	4	1a	0	0	0
0	e	4	1b	0	0	0
0	e	4	1c	0	0	0
0	e	4	1d	0	0	0
0	e	4	1e	0	0	0
0	e	4	1f	0	0	0
0	e	5	0	0	0	0
0	e	5	1	0	0	0
0	e	5	2	0	0	0
0	e	5	3	0	0	0
0	e	5	4	0	0	0
0	e	5	5	0	0	0
0	e	5	6	0	0	0
0	e	5	7	0	0	0
0	e	5	8	0	0	0
0	e	5	9	0	0	0
0	e	5	a	0	0	0
0	e	5	b	0	0	0
0	e	5	c	0	0	0
0	e	5	d	0	0	0
0	e	5	e	0	0	0
0	e	5	f	0	0	0
0	e	5	10	0	0	0
0	e	5	11	0	0	0
0	e	5	12	0	0	0
0	e	5	13	0	0	0
0	e	5	14	0	0	0
0	e	5	15	0	0	0
0	e	5	16	0	0	0
0	e	5	17	0	0	0
0	e	5	18	0	0	0
0	e	5	19	0	0	0
0	e	5	1a	0	0	0
0	e	5	1b	0	0	0
0	e	5	1c	0	0	0
0	e	5	1d	0	0	0
0	e	5	1e	0	0	0
0	e	5	1f	0	0	0
0	e	6	0	0	0	0
0	e	6	1	0	0	0
0	e	6	2	0	0	0
0	e	6	3	0	0	0
0	e	6	4	0	0	0
0	e	6	5	0	0	0
0	e	6	6	0	0	0
0	e	6	7	0	0	0
0	e	6	8	0	0	0
0	e	6	9	0	0	0
0	e	6	a	0	0	0
0	e	6	b	0	0	0
0	e	6	c	0	0	0
0	e	6	d	0	0	0
0	e	6	e	0	0	0
0	e	6	f	0	0	0
0	e	6	10	0	0	0
0	e	6	11	0	0	0
0	e	6	12	0	0	0
0	e	6	13	0	0	0
0	e	6	14	0	0	0
0	e	6	15	0	0	0
0	e	6	16	0	0	0
0	e	6	17	0	0	0
0	e	6	18	0	0	0
0	e	6	19	0	0	0
0	e	6	1a	0	0	0
0	e	6	1b	0	0	0
0	e	6	1c	0	0	0
0	e	6	1d	0	0	0
0	e	6	1e	0	0	0
0	e	6	1f	0	0	0
0	f	0	0	0	0	0
0	f	0	1	0	0	0
0	f	0	2	0	0	0
0	f	0	3	0	0	0
0	f	0	4	0	0	0
0	f	0	5	0	0	0
0	f	0	6	0	0	0
0	f	0	7	0	0	0
0	f	0	8	0	0	0
0	f	0	9	0	0	0
0	f	0	a	0	0	0
0	f	0	b	2e	0	2e
0	f	0	c	0	0	0
0	f	0	d	0	0	0
0	f	0	e	0	0	0
0	f	0	f	0	0	0
0	f	0	10	0	0	0
0	f	0	11	0	0	0
0	f	0	12	0	0	0
0	f	0	13	0	0	0
0	f	0	14	0	0	0
0	f	0	15	0	0	0
0	f	0	16	0	0	0
0	f	0	17	0	0	0
0	f	0	18	0	0	0
0	f	0	19	0	0	0
0	f	0	1a	0	0	0
0	f	0	1b	0	0	0
0	f	0	1c	0	0	0
0	f	0	1d	0	0	0
0	f	0	1e	0	0	0
0	f	0	1f	0	0	0
0	f	1	0	0	0	0
0	f	1	1	0	0	0
0	f	1	2	0	0	0
0	f	1	3	0	0	0
0	f	1	4	0	0	0
0	f	1	5	0	0	0
0	f	1	6	0	0	0
0	f	1	7	0	0	0
0	f	1	8	0	0	0
0	f	1	9	0	0	0
0	f	1	a	0	0	0
0	f	1	b	3f	0	3f
0	f	1	c	0	0	0
0	f	1	d	0	0	0
0	f	1	e	0	0	0
0	f	1	f	0	0	0
0	f	1	10	0	0	0
0	f	1	11	0	0	0
0	f	1	12	0	0	0
0	f	1	13	0	0	0
0	f	1	14	0	0	0
0	f	1	15	0	0	0
0	f	1	16	0	0	0
0	f	1	17	0	0	0
0	f	1	18	0	0	0
0	f	1	19	0	0	0
0	f	1	1a	0	0	0
0	f	1	1b	0	0	0
0	f	1	1c	0	0	0
0	f	1	1d	0	0	0
0	f	1	1e	0	0	0
0	f	1	1f	0	0	0
0	f	2	0	0	0	0
0	f	2	1	0	0	0
0	f	2	2	0	0	0
0	f	2	3	0	0	0
0	f	2	4	0	0	0
0	f	2	5	0	0	0
0	f	2	6	0	0	0
0	f	2	7	0	0	0
0	f	2	8	0	0	0
0	f	2	9	0	0	0
0	f	2	a	0	0	0
0	f	2	b	b	0	b
0	f	2	c	0	0	0
0	f	2	d	0	0	0
0	f	2	e	0	0	0
0	f	2	f	0	0	0
0	f	2	10	0	0	0
0	f	2	11	0	0	0
0	f	2	12	0	0	0
0	f	2	13	0	0	0
0	f	2	14	0	0	0
0	f	2	15	0	0	0
0	f	2	16	0	0	0
0	f	2	17	0	0	0
0	f	2	18	0	0	0
0	f	2	19	0	0	0
0	f	2	1a	0	0	0
0	f	2	1b	0	0	0
0	f	2	1c	0	0	0
0	f	2	1d	0	0	0
0	f	2	1e	0	0	0
0	f	2	1f	0	0	0
0	f	3	0	0	0	0
0	f	3	1	0	0	0
0	f	3	2	0	0	0
0	f	3	3	0	0	0
0	f	3	4	0	0	0
0	f	3	5	0	0	0
0	f	3	6	0	0	0
0	f	3	7	0	0	0
0	f	3	8	0	0	0
0	f	3	9	0	0	0
0	f	3	a	0	0	0
0	f	3	b	1e	0	1e
0	f	3	c	0	0	0
0	f	3	d	0	0	0
0	f	3	e	0	0	0
0	f	3	f	0	0	0
0	f	3	10	0	0	0
0	f	3	11	0	0	0
0	f	3	12	0	0	0
0	f	3	13	0	0	0
0	f	3	14	0	0	0
0	f	3	15	0	0	0
0	f	3	16	0	0	0
0	f	3	17	0	0	0
0	f	3	18	0	0	0
0	f	3	19	0	0	0
0	f	3	1a	0	0	0
0	f	3	1b	0	0	0
0	f	3	1c	0	0	0
0	f	3	1d	0	0	0
0	f	3	1e	0	0	0
0	f	3	1f	0	0	0
0	f	4	0	0	0	0
0	f	4	1	0	0	0
0	f	4	2	0	0	0
0	f	4	3	0	0	0
0	f	4	4	0	0	0
0	f	4	5	0	0	0
0	f	4	6	0	0	0
0	f	4	7	0	0	0
0	f	4	8	0	0	0
0	f	4	9	0	0	0
0	f	4	a	0	0	0
0	f	4	b	0	0	0
0	f	4	c	0	0	0
0	f	4	d	0	0	0
0	f	4	e	0	0	0
0	f	4	f	0	0	0
0	f	4	10	0	0	0
0	f	4	11	0	0	0
0	f	4	12	0	0	0
0	f	4	13	0	0	0
0	f	4	14	0	0	0
0	f	4	15	0	0	0
0	f	4	16	0	0	0
0	f	4	17	0	0	0
0	f	4	18	0	0	0
0	f	4	19	0	0	0
0	f	4	1a	0	0	0
0	f	4	1b	0	0	0
0	f	4	1c	0	0	0
0	f	4	1d	0	0	0
0	f	4	1e	0	0	0
0	f	4	1f	0	0	0
0	f	5	0	0	0	0
0	f	5	1	0	0	0
0	f	5	2	0	0	0
0	f	5	3	0	0	0
0	f	5	4	0	0	0
0	f	5	5	0	0	0
0	f	5	6	0	0	0
0	f	5	7	0	0	0
0	f	5	8	0	0	0
0	f	5	9	0	0	0
0	f	5	a	0	0	0
0	f	5	b	0	0	0
0	f	5	c	0	0	0
0	f	5	d	0	0	0
0	f	5	e	0	0	0
0	f	5	f	0	0	0
0	f	5	10	0	0	0
0	f	5	11	0	0	0
0	f	5	12	0	0	0
0	f	5	13	0	0	0
0	f	5	14	0	0	0
0	f	5	15	0	0	0
0	f	5	16	0	0	0
0	f	5	17	0	0	0
0	f	5	18	0	0	0
0	f	5	19	0	0	0
0	f	5	1a	0	0	0
0	f	5	1b	0	0	0
0	f	5	1c	0	0	0
0	f	5	1d	0	0	0
0	f	5	1e	0	0	0
0	f	5	1f	0	0	0
0	f	6	0	0	0	0
0	f	6	1	0	0	0
0	f	6	2	0	0	0
0	f	6	3	0	0	0
0	f	6	4	0	0	0
0	f	6	5	0	0	0
0	f	6	6	0	0	0
0	f	6	7	0	0	0
0	f	6	8	0	0	0
0	f	6	9	0	0	0
0	f	6	a	0	0	0
0	f	6	b	0	0	0
0	f	6	c	0	0	0
0	f	6	d	0	0	0
0	f	6	e	0	0	0
0	f	6	f	0	0	0
0	f	6	10	0	0	0
0	f	6	11	0	0	0
0	f	6	12	0	0	0
0	f	6	13	0	0	0
0	f	6	14	0	0	0
0	f	6	15	0	0	0
0	f	6	16	0	0	0
0	f	6	17	0	0	0
0	f	6	18	0	0	0
0	f	6	19	0	0	0
0	f	6	1a	0	0	0
0	f	6	1b	0	0	0
0	f	6	1c	0	0	0
0	f	6	1d	0	0	0
0	f	6	1e	0	0	0
0	f	6	1f	0	0	0
0	10	0	0	0	0	0
0	10	0	1	0	0	0
0	10	0	2	0	0	0
0	10	0	3	0	0	0
0	10	0	4	0	0	0
0	10	0	5	0	0	0
0	10	0	6	0	0	0
0	10	0	7	0	0	0
0	10	0	8	0	0	0
0	10	0	9	0	0	0
0	10	0	a	0	0	0
0	10	0	b	2e	0	2e
0	10	0	c	0	0	0
0	10	0	d	0	0	0
0	10	0	e	0	0	0
0	10	0	f	0	0	0
0	10	0	10	0	0	0
0	10	0	11	0	0	0
0	10	0	12	0	0	0
0	10	0	13	0	0	0
0	10	0	14	0	0	0
0	10	0	15	0	0	0
0	10	0	16	0	0	0
0	10	0	17	0	0	0
0	10	0	18	0	0	0
0	10	0	19	0	0	0
0	10	0	1a	0	0	0
0	10	0	1b	0	0	0
0	10	0	1c	0	0	0
0	10	0	1d	0	0	0
0	10	0	1e	0	0	0
0	10	0	1f	0	0	0
0	10	1	0	0	0	0
0	10	1	1	0	0	0
0	10	1	2	0	0	0
0	10	1	3	0	0	0
0	10	1	4	0	0	0
0	10	1	5	0	0	0
0	10	1	6	0	0	0
0	10	1	7	0	0	0
0	10	1	8	0	0	0
0	10	1	9	0	0	0
0	10	1	a	0	0	0
0	10	1	b	3f	0	3f
0	10	1	c	0	0	0
0	10	1	d	0	0	0
0	10	1	e	0	0	0
0	10	1	f	0	0	0
0	10	1	10	0	0	0
0	10	1	11	0	0	0
0	10	1	12	0	0	0
0	10	1	13	0	0	0
0	10	1	14	0	0	0
0	10	1	15	0	0	0
0	10	1	16	0	0	0
0	10	1	17	0	0	0
0	10	1	18	0	0	0
0	10	1	19	0	0	0
0	10	1	1a	0	0	0
0	10	1	1b	0	0	0
0	10	1	1c	0	0	0
0	10	1	1d	0	0	0
0	10	1	1e	0	0	0
0	10	1	1f	0	0	0
0	10	2	0	0	0	0
0	10	2	1	0	0	0
0	10	2	2	0	0	0
0	10	2	3	0	0	0
0	10	2	4	0	0	0
0	10	2	5	0	0	0
0	10	2	6	0	0	0
0	10	2	7	0	0	0
0	10	2	8	0	0	0
0	10	2	9	0	0	0
0	10	2	a	0	0	0
0	10	2	b	b	0	b
0	10	2	c	0	0	0
0	10	2	d	0	0	0
0	10	2	e	0	0	0
0	10	2	f	0	0	0
0	10	2	10	0	0	0
0	10	2	11	0	0	0
0	10	2	12	0	0	0
0	10	2	13	0	0	0
0	10	2	14	0	0	0
0	10	2	15	0	0	0
0	10	2	16	0	0	0
0	10	2	17	0	0	0
0	10	2	18	0	0	0
0	10	2	19	0	0	0
0	10	2	1a	0	0	0
0	10	2	1b	0	0	0
0	10	2	1c	0	0	0
0	10	2	1d	0	0	0
0	10	2	1e	0	0	0
0	10	2	1f	0	0	0
0	10	3	0	0	0	0
0	10	3	1	0	0	0
0	10	3	2	0	0	0
0	10	3	3	0	0	0
0	10	3	4	0	0	0
0	10	3	5	0	0	0
0	10	3	6	0	0	0
0	10	3	7	0	0	0
0	10	3	8	0	0	0
0	10	3	9	0	0	0
0	10	3	a	0	0	0
0	10	3	b	1e	0	1e
0	10	3	c	0	0	0
0	10	3	d	0	0	0
0	10	3	e	0	0	0
0	10	3	f	0	0	0
0	10	3	10	0	0	0
0	10	3	11	0	0	0
0	10	3	12	0	0	0
0	10	3	13	0	0	0
0	10	3	14	0	0	0
0	10	3	15	0	0	0
0	10	3	16	0	0	0
0	10	3	17	0	0	0
0	10	3	18	0	0	0
0	10	3	19	0	0	0
0	10	3	1a	0	0	0
0	10	3	1b	0	0	0
0	10	3	1c	0	0	0
0	10	3	1d	0	0	0
0	10	3	1e	0	0	0
0	10	3	1f	0	0	0
0	10	4	0	0	0	0
0	10	4	1	0	0	0
0	10	4	2	0	0	0
0	10	4	3	0	0	0
0	10	4	4	0	0	0
0	10	4	5	0	0	0
0	10	4	6	0	0	0
0	10	4	7	0	0	0
0	10	4	8	0	0	0
0	10	4	9	0	0	0
0	10	4	a	0	0	0
0	10	4	b	0	0	0
0	10	4	c	0	0	0
0	10	4	d	0	0	0
0	10	4	e	0	0	0
0	10	4	f	0	0	0
0	10	4	10	0	0	0
0	10	4	11	0	0	0
0	10	4	12	0	0	0
0	10	4	13	0	0	0
0	10	4	14	0	0	0
0	10	4	15	0	0	0
0	10	4	16	0	0	0
0	10	4	17	0	0	0
0	10	4	18	0	0	0
0	10	4	19	0	0	0
0	10	4	1a	0	0	0
0	10	4	1b	0	0	0
0	10	4	1c	0	0	0
0	10	4	1d	0	0	0
0	10	4	1e	0	0	0
0	10	4	1f	0	0	0
0	10	5	0	0	0	0
0	10	5	1	0	0	0
0	10	5	2	0	0	0
0	10	5	3	0	0	0
0	10	5	4	0	0	0
0	10	5	5	0	0	0
0	10	5	6	0	0	0
0	10	5	7	0	0	0
0	10	5	8	0	0	0
0	10	5	9	0	0	0
0	10	5	a	0	0	0
0	10	5	b	0	0	0
0	10	5	c	0	0	0
0	10	5	d	0	0	0
0	10	5	e	0	0	0
0	10	5	f	0	0	0
0	10	5	10	0	0	0
0	10	5	11	0	0	0
0	10	5	12	0	0	0
0	10	5	13	0	0	0
0	10	5	14	0	0	0
0	10	5	15	0	0	0
0	10	5	16	0	0	0
0	10	5	17	0	0	0
0	10	5	18	0	0	0
0	10	5	19	0	0	0
0	10	5	1a	0	0	0
0	10	5	1b	0	0	0
0	10	5	1c	0	0	0
0	10	5	1d	0	0	0
0	10	5	1e	0	0	0
0	10	5	1f	0	0	0
0	10	6	0	0	0	0
0	10	6	1	0	0	0
0	10	6	2	0	0	0
0	10	6	3	0	0	0
0	10	6	4	0	0	0
0	10	6	5	0	0	0
0	10	6	6	0	0	0
0	10	6	7	0	0	0
0	10	6	8	0	0	0
0	10	6	9	0	0	0
0	10	6	a	0	0	0
0	10	6	b	0	0	0
0	10	6	c	0	0	0
0	10	6	d	0	0	0
0	10	6	e	0	0	0
0	10	6	f	0	0	0
0	10	6	10	0	0	0
0	10	6	11	0	0	0
0	10	6	12	0	0	0
0	10	6	13	0	0	0
0	10	6	14	0	0	0
0	10	6	15	0	0	0
0	10	6	16	0	0	0
0	10	6	17	0	0	0
0	10	6	18	0	0	0
0	10	6	19	0	0	0
0	10	6	1a	0	0	0
0	10	6	1b	0	0	0
0	10	6	1c	0	0	0
0	10	6	1d	0	0	0
0	10	6	1e	0	0	0
0	10	6	1f	0	0	0
0	11	0	0	0	0	0
0	11	0	1	0	0	0
0	11	0	2	0	0	0
0	11	0	3	0	0	0
0	11	0	4	0	0	0
0	11	0	5	0	0	0
0	11	0	6	0	0	0
0	11	0	7	0	0	0
0	11	0	8	0	0	0
0	11	0	9	0	0	0
0	11	0	a	0	0	0
0	11	0	b	2e	0	2e
0	11	0	c	0	0	0
0	11	0	d	0	0	0
0	11	0	e	0	0	0
0	11	0	f	0	0	0
0	11	0	10	0	0	0
0	11	0	11	0	0	0
0	11	0	12	0	0	0
0	11	0	13	0	0	0
0	11	0	14	0	0	0
0	11	0	15	0	0	0
0	11	0	16	0	0	0
0	11	0	17	0	0	0
0	11	0	18	0	0	0
0	11	0	19	0	0	0
0	11	0	1a	0	0	0
0	11	0	1b	0	0	0
0	11	0	1c	0	0	0
0	11	0	1d	0	0	0
0	11	0	1e	0	0	0
0	11	0	1f	0	0	0
0	11	1	0	0	0	0
0	11	1	1	0	0	0
0	11	1	2	0	0	0
0	11	1	3	0	0	0
0	11	1	4	0	0	0
0	11	1	5	0	0	0
0	11	1	6	0	0	0
0	11	1	7	0	0	0
0	11	1	8	0	0	0
0	11	1	9	0	0	0
0	11	1	a	0	0	0
0	11	1	b	3f	0	3f
0	11	1	c	0	0	0
0	11	1	d	0	0	0
0	11	1	e	0	0	0
0	11	1	f	0	0	0
0	11	1	10	0	0	0
0	11	1	11	0	0	0
0	11	1	12	0	0	0
0	11	1	13	0	0	0
0	11	1	14	0	0	0
0	11	1	15	0	0	0
0	11	1	16	0	0	0
0	11	1	17	0	0	0
0	11	1	18	0	0	0
0	11	1	19	0	0	0
0	11	1	1a	0	0	0
0	11	1	1b	0	0	0
0	11	1	1c	0	0	0
0	11	1	1d	0	0	0
0	11	1	1e	0	0	0
0	11	1	1f	0	0	0
0	11	2	0	0	0	0
0	11	2	1	0	0	0
0	11	2	2	0	0	0
0	11	2	3	0	0	0
0	11	2	4	0	0	0
0	11	2	5	0	0	0
0	11	2	6	0	0	0
0	11	2	7	0	0	0
0	11	2	8	0	0	0
0	11	2	9	0	0	0
0	11	2	a	0	0	0
0	11	2	b	b	0	b
0	11	2	c	0	0	0
0	11	2	d	0	0	0
0	11	2	e	0	0	0
0	11	2	f	0	0	0
0	11	2	10	0	0	0
0	11	2	11	0	0	0
0	11	2	12	0	0	0
0	11	2	13	0	0	0
0	11	2	14	0	0	0
0	11	2	15	0	0	0
0	11	2	16	0	0	0
0	11	2	17	0	0	0
0	11	2	18	0	0	0
0	11	2	19	0	0	0
0	11	2	1a	0	0	0
0	11	2	1b	0	0	0
0	11	2	1c	0	0	0
0	11	2	1d	0	0	0
0	11	2	1e	0	0	0
0	11	2	1f	0	0	0
0	11	3	0	0	0	0
0	11	3	1	0	0	0
0	11	3	2	0	0	0
0	11	3	3	0	0	0
0	11	3	4	0	0	0
0	11	3	5	0	0	0
0	11	3	6	0	0	0
0	11	3	7	0	0	0
0	11	3	8	0	0	0
0	11	3	9	0	0	0
0	11	3	a	0	0	0
0	11	3	b	1e	0	1e
0	11	3	c	0	0	0
0	11	3	d	0	0	0
0	11	3	e	0	0	0
0	11	3	f	0	0	0
0	11	3	10	0	0	0
0	11	3	11	0	0	0
0	11	3	12	0	0	0
0	11	3	13	0	0	0
0	11	3	14	0	0	0
0	11	3	15	0	0	0
0	11	3	16	0	0	0
0	11	3	17	0	0	0
0	11	3	18	0	0	0
0	11	3	19	0	0	0
0	11	3	1a	0	0	0
0	11	3	1b	0	0	0
0	11	3	1c	0	0	0
0	11	3	1d	0	0	0
0	11	3	1e	0	0	0
0	11	3	1f	0	0	0
0	11	4	0	0	0	0
0	11	4	1	0	0	0
0	11	4	2	0	0	0
0	11	4	3	0	0	0
0	11	4	4	0	0	0
0	11	4	5	0	0	0
0	11	4	6	0	0	0
0	11	4	7	0	0	0
0	11	4	8	0	0	0
0	11	4	9	0	0	0
0	11	4	a	0	0	0
0	11	4	b	0	0	0
0	11	4	c	0	0	0
0	11	4	d	0	0	0
0	11	4	e	0	0	0
0	11	4	f	0	0	0
0	11	4	10	0	0	0
0	11	4	11	0	0	0
0	11	4	12	0	0	0
0	11	4	13	0	0	0
0	11	4	14	0	0	0
0	11	4	15	0	0	0
0	11	4	16	0	0	0
0	11	4	17	0	0	0
0	11	4	18	0	0	0
0	11	4	19	0	0	0
0	11	4	1a	0	0	0
0	11	4	1b	0	0	0
0	11	4	1c	0	0	0
0	11	4	1d	0	0	0
0	11	4	1e	0	0	0
0	11	4	1f	0	0	0
0	11	5	0	0	0	0
0	11	5	1	0	0	0
0	11	5	2	0	0	0
0	11	5	3	0	0	0
0	11	5	4	0	0	0
0	11	5	5	0	0	0
0	11	5	6	0	0	0
0	11	5	7	0	0	0
0	11	5	8	0	0	0
0	11	5	9	0	0	0
0	11	5	a	0	0	0
0	11	5	b	0	0	0
0	11	5	c	0	0	0
0	11	5	d	0	0	0
0	11	5	e	0	0	0
0	11	5	f	0	0	0
0	11	5	10	0	0	0
0	11	5	11	0	0	0
0	11	5	12	0	0	0
0	11	5	13	0	0	0
0	11	5	14	0	0	0
0	11	5	15	0	0	0
0	11	5	16	0	0	0
0	11	5	17	0	0	0
0	11	5	18	0	0	0
0	11	5	19	0	0	0
0	11	5	1a	0	0	0
0	11	5	1b	0	0	0
0	11	5	1c	0	0	0
0	11	5	1d	0	0	0
0	11	5	1e	0	0	0
0	11	5	1f	0	0	0
0	11	6	0	0	0	0
0	11	6	1	0	0	0
0	11	6	2	0	0	0
0	11	6	3	0	0	0
0	11	6	4	0	0	0
0	11	6	5	0	0	0
0	11	6	6	0	0	0
0	11	6	7	0	0	0
0	11	6	8	0	0	0
0	11	6	9	0	0	0
0	11	6	a	0	0	0
0	11	6	b	0	0	0
0	11	6	c	0	0	0
0	11	6	d	0	0	0
0	11	6	e	0	0	0
0	11	6	f	0	0	0
0	11	6	10	0	0	0
0	11	6	11	0	0	0
0	11	6	12	0	0	0
0	11	6	13	0	0	0
0	11	6	14	0	0	0
0	11	6	15	0	0	0
0	11	6	16	0	0	0
0	11	6	17	0	0	0
0	11	6	18	0	0	0
0	11	6	19	0	0	0
0	11	6	1a	0	0	0
0	11	6	1b	0	0	0
0	11	6	1c	0	0	0
0	11	6	1d	0	0	0
0	11	6	1e	0	0	0
0	11	6	1f	0	0	0
0	0	999	0	0	0	0
0	0	999	1	0	0	0
0	0	999	2	0	0	0
0	0	999	3	0	0	0
0	0	999	4	0	0	0
0	0	999	5	0	0	0
0	0	999	6	0	0	0
0	0	999	7	0	0	0
0	1	999	0	0	0	0
0	1	999	1	0	0	0
0	1	999	2	0	0	0
0	1	999	3	0	0	0
0	1	999	4	0	0	0
0	1	999	5	0	0	0
0	1	999	6	0	0	0
0	1	999	7	0	0	0
0	2	999	0	0	0	0
0	2	999	1	0	0	0
0	2	999	2	0	0	0
0	2	999	3	0	0	0
0	2	999	4	0	0	0
0	2	999	5	0	0	0
0	2	999	6	0	0	0
0	2	999	7	0	0	0
0	3	999	0	0	0	0
0	3	999	1	0	0	0
0	3	999	2	0	0	0
0	3	999	3	0	0	0
0	3	999	4	0	0	0
0	3	999	5	0	0	0
0	3	999	6	0	0	0
0	3	999	7	0	0	0
0	4	999	0	0	0	0
0	4	999	1	0	0	0
0	4	999	2	0	0	0
0	4	999	3	0	0	0
0	4	999	4	0	0	0
0	4	999	5	0	0	0
0	4	999	6	0	0	0
0	4	999	7	0	0	0
0	5	999	0	0	0	0
0	5	999	1	0	0	0
0	5	999	2	0	0	0
0	5	999	3	0	0	0
0	5	999	4	0	0	0
0	5	999	5	0	0	0
0	5	999	6	0	0	0
0	5	999	7	0	0	0
0	6	999	0	0	0	0
0	6	999	1	0	0	0
0	6	999	2	0	0	0
0	6	999	3	0	0	0
0	6	999	4	0	0	0
0	6	999	5	0	0	0
0	6	999	6	0	0	0
0	6	999	7	0	0	0
0	7	999	0	0	0	0
0	7	999	1	0	0	0
0	7	999	2	0	0	0
0	7	999	3	0	0	0
0	7	999	4	0	0	0
0	7	999	5	0	0	0
0	7	999	6	0	0	0
0	7	999	7	0	0	0
0	8	999	0	0	0	0
0	8	999	1	0	0	0
0	8	999	2	0	0	0
0	8	999	3	0	0	0
0	8	999	4	0	0	0
0	8	999	5	0	0	0
0	8	999	6	0	0	0
0	8	999	7	0	0	0
0	9	999	0	0	0	0
0	9	999	1	0	0	0
0	9	999	2	0	0	0
0	9	999	3	0	0	0
0	9	999	4	0	0	0
0	9	999	5	0	0	0
0	9	999	6	0	0	0
0	9	999	7	0	0	0
0	a	999	0	0	0	0
0	a	999	1	0	0	0
0	a	999	2	0	0	0
0	a	999	3	0	0	0
0	a	999	4	0	0	0
0	a	999	5	0	0	0
0	a	999	6	0	0	0
0	a	999	7	0	0	0
0	b	999	0	0	0	0
0	b	999	1	0	0	0
0	b	999	2	0	0	0
0	b	999	3	0	0	0
0	b	999	4	0	0	0
0	b	999	5	0	0	0
0	b	999	6	0	0	0
0	b	999	7	0	0	0
0	c	999	0	0	0	0
0	c	999	1	0	0	0
0	c	999	2	0	0	0
0	c	999	3	0	0	0
0	c	999	4	0	0	0
0	c	999	5	0	0	0
0	c	999	6	0	0	0
0	c	999	7	0	0	0
0	d	999	0	0	0	0
0	d	999	1	0	0	0
0	d	999	2	0	0	0
0	d	999	3	0	0	0
0	d	999	4	0	0	0
0	d	999	5	0	0	0
0	d	999	6	0	0	0
0	d	999	7	0	0	0
0	e	999	0	0	0	0
0	e	999	1	0	0	0
0	e	999	2	0	0	0
0	e	999	3	0	0	0
0	e	999	4	0	0	0
0	e	999	5	0	0	0
0	e	999	6	0	0	0
0	e	999	7	0	0	0
0	f	999	0	0	0	0
0	f	999	1	0	0	0
0	f	999	2	0	0	0
0	f	999	3	0	0	0
0	f	999	4	0	0	0
0	f	999	5	0	0	0
0	f	999	6	0	0	0
0	f	999	7	0	0	0
0	10	999	0	0	0	0
0	10	999	1	0	0	0
0	10	999	2	0	0	0
0	10	999	3	0	0	0
0	10	999	4	0	0	0
0	10	999	5	0	0	0
0	10	999	6	0	0	0
0	10	999	7	0	0	0
0	11	999	0	0	0	0
0	11	999	1	0	0	0
0	11	999	2	0	0	0
0	11	999	3	0	0	0
0	11	999	4	0	0	0
0	11	999	5	0	0	0
0	11	999	6	0	0	0
0	11	999	7	0	0	0
